-4.513813257217407227e-01,-3.125397861003875732e-02,7.654216140508651733e-02,6.877897977828979492e-01,-1.560255885124206543e-02,8.887927532196044922e-01,5.193513631820678711e-01,7.185630798339843750e-01,2.346416190266609192e-02,6.069899797439575195e-01,7.583209872245788574e-01,8.810029029846191406e-01,3.456459343433380127e-01,-2.483385428786277771e-02,-1.643929481506347656e-01,4.278494045138359070e-03,1.001519083976745605e+00,-1.304499506950378418e-01
5.135476589202880859e-03,-3.170326352119445801e-01,3.656536638736724854e-01,7.073277235031127930e-01,2.828651666641235352e-02,9.200313091278076172e-01,6.584026813507080078e-01,8.465218544006347656e-01,2.766401171684265137e-01,8.730791807174682617e-01,8.865084648132324219e-01,8.219093084335327148e-01,9.441675990819931030e-02,9.033246338367462158e-02,2.693082094192504883e-01,3.728829622268676758e-01,1.074559688568115234e+00,7.169390469789505005e-02
-3.981009870767593384e-02,-3.886267542839050293e-01,4.419440627098083496e-01,8.507030010223388672e-01,7.312610745429992676e-03,8.593510985374450684e-01,8.118092417716979980e-01,8.191147446632385254e-01,2.434397935867309570e-01,9.364703297615051270e-01,7.932380437850952148e-01,8.684023618698120117e-01,1.242485269904136658e-01,3.928079456090927124e-02,2.755050659179687500e-01,3.360620737075805664e-01,1.107458353042602539e+00,3.078783303499221802e-02
-1.694440841674804688e-01,-1.837872713804244995e-02,3.993010148406028748e-02,5.643967390060424805e-01,-2.140954136848449707e-03,1.110501646995544434e+00,1.057851552963256836e+00,9.543997645378112793e-01,6.675942242145538330e-02,8.200715184211730957e-01,6.405420899391174316e-01,4.718587398529052734e-01,7.246597856283187866e-02,-1.044702753424644470e-01,8.040362596511840820e-02,5.268911272287368774e-02,1.028900027275085449e+00,1.472978591918945312e-01
-1.545281112194061279e-01,-3.738529980182647705e-03,-1.151065751910209656e-01,5.535462498664855957e-01,2.927407622337341309e-03,1.004953742027282715e+00,9.236820340156555176e-01,9.840820431709289551e-01,4.897703230381011963e-02,8.934553861618041992e-01,6.871953606605529785e-01,4.770637154579162598e-01,1.035080850124359131e-01,-3.281086683273315430e-04,3.120126202702522278e-02,7.667989283800125122e-02,1.043869018554687500e+00,-8.332847803831100464e-02
-1.742300391197204590e-01,2.972822636365890503e-02,-7.383169978857040405e-02,4.984020590782165527e-01,-6.418229639530181885e-02,1.116144180297851562e+00,8.092201948165893555e-01,8.883139491081237793e-01,1.184481754899024963e-01,7.366548776626586914e-01,7.776685953140258789e-01,6.020492911338806152e-01,1.989201456308364868e-01,-1.634218171238899231e-02,-2.227251976728439331e-02,8.644213527441024780e-02,1.157730937004089355e+00,-4.178082197904586792e-02
2.922869920730590820e-01,-2.815754711627960205e-01,2.588488757610321045e-01,6.639761328697204590e-01,4.193784296512603760e-01,6.596094965934753418e-01,-3.613072037696838379e-01,8.294505476951599121e-01,6.561362184584140778e-03,7.302278280258178711e-01,1.393096208572387695e+00,6.128600239753723145e-01,-1.549210697412490845e-01,-4.322872683405876160e-02,4.446761608123779297e-01,6.106272935867309570e-01,1.328227519989013672e+00,3.936325907707214355e-01
3.796235620975494385e-01,2.117719501256942749e-02,1.966270804405212402e-02,1.018951773643493652e+00,-5.319787561893463135e-02,5.450762510299682617e-01,-5.341174602508544922e-01,8.101162910461425781e-01,-8.952763676643371582e-01,-3.966371417045593262e-01,9.941480159759521484e-01,-4.191403090953826904e-02,1.103841185569763184e+00,2.390672564506530762e-01,3.798498809337615967e-01,-7.325859665870666504e-01,1.676329225301742554e-01,2.858089208602905273e-01
7.294146418571472168e-01,2.461573481559753418e-01,4.388006627559661865e-01,1.012714982032775879e+00,1.971369683742523193e-01,4.421982169151306152e-01,3.368586301803588867e-01,9.822449684143066406e-01,3.248856663703918457e-01,5.390904545783996582e-01,7.032302618026733398e-01,-2.980961799621582031e-01,1.247486710548400879e+00,1.187956809997558594e+00,4.306907951831817627e-01,-4.528949856758117676e-01,-1.407193094491958618e-01,7.099394798278808594e-01
-1.386417746543884277e-01,1.076450347900390625e+00,5.137770771980285645e-01,3.425928577780723572e-02,1.184981942176818848e+00,4.488583803176879883e-01,-7.796088606119155884e-02,1.302904486656188965e+00,-1.707428991794586182e-01,-5.230181813240051270e-01,6.412818431854248047e-01,4.143168330192565918e-01,4.799298048019409180e-01,1.423513442277908325e-01,6.427666544914245605e-02,1.943079382181167603e-01,-9.645906835794448853e-02,4.488666057586669922e-01
5.986557602882385254e-01,-1.669868528842926025e-01,1.266582846641540527e+00,-2.209140658378601074e-01,7.314906120300292969e-01,7.225497364997863770e-01,2.016412317752838135e-01,6.752988100051879883e-01,2.878793179988861084e-01,5.393399596214294434e-01,-6.647840142250061035e-03,7.631609439849853516e-01,-1.271915435791015625e-02,2.442442178726196289e-01,-9.398125112056732178e-04,-2.309234887361526489e-01,-2.442528158426284790e-01,-7.445090264081954956e-02
4.646454453468322754e-01,1.028042912483215332e+00,6.548290848731994629e-01,7.992535829544067383e-04,6.263680458068847656e-01,5.690070390701293945e-01,1.742455065250396729e-01,1.802421957254409790e-01,1.160858035087585449e+00,9.956101179122924805e-01,2.387339174747467041e-01,2.868842780590057373e-01,2.189343869686126709e-01,9.222390055656433105e-01,-1.996353119611740112e-01,-5.309709906578063965e-01,6.156789660453796387e-01,-9.356104582548141479e-02
-7.056884169578552246e-01,1.175863265991210938e+00,6.613407731056213379e-01,-9.720830619335174561e-02,9.999222755432128906e-01,-9.041421115398406982e-02,8.888052701950073242e-01,6.006774306297302246e-01,8.506189584732055664e-01,1.817752271890640259e-01,5.093083381652832031e-01,5.576612949371337891e-01,3.798311948776245117e-01,8.547604084014892578e-02,3.437361121177673340e-01,1.021709203720092773e+00,2.700061500072479248e-01,6.425874233245849609e-01
4.330328404903411865e-01,3.610759973526000977e-01,1.362754032015800476e-02,4.955752491950988770e-01,2.746520638465881348e-01,2.810696661472320557e-01,1.359988451004028320e+00,1.010062992572784424e-01,5.722213983535766602e-01,-1.976924091577529907e-01,-5.485124886035919189e-03,-4.581619799137115479e-02,3.162963390350341797e-01,7.804090380668640137e-01,6.476438790559768677e-02,8.308880329132080078e-01,3.827839493751525879e-01,-1.638811826705932617e-01
1.633898019790649414e+00,5.469142198562622070e-01,-2.557363808155059814e-01,7.693410515785217285e-01,9.414731264114379883e-01,9.380472898483276367e-01,5.286944508552551270e-01,6.632837057113647461e-01,2.607186436653137207e-01,-8.872303366661071777e-02,-3.178820312023162842e-01,-5.129579305648803711e-01,1.680132001638412476e-01,7.706343531608581543e-01,-7.232600450515747070e-02,8.721027374267578125e-01,6.520494818687438965e-01,8.034470081329345703e-01
1.870900392532348633e-03,-1.979746371507644653e-01,9.851114153861999512e-01,2.645686864852905273e-01,9.416176080703735352e-01,-2.875155210494995117e-01,7.365615963935852051e-01,1.669275164604187012e-01,8.831501603126525879e-01,1.181054711341857910e+00,7.836745977401733398e-01,-3.506101667881011963e-01,5.131128430366516113e-01,1.529217243194580078e+00,-5.596478581428527832e-01,1.201655268669128418e-01,9.423825740814208984e-01,2.641761302947998047e-01
-1.532386988401412964e-02,-3.164063990116119385e-01,5.103522539138793945e-01,-7.845240831375122070e-01,4.290761053562164307e-01,6.961253285408020020e-01,6.544593572616577148e-01,6.737511157989501953e-01,2.608700990676879883e-01,6.965062618255615234e-01,3.922047317028045654e-01,3.338393568992614746e-01,3.898758292198181152e-01,3.377566635608673096e-01,-7.866034507751464844e-01,-1.374120414257049561e-01,-2.532442510128021240e-01,3.580655455589294434e-01
7.006981968879699707e-02,3.158924579620361328e-01,3.684259057044982910e-01,-3.089072704315185547e-01,7.646702527999877930e-01,-8.236479759216308594e-02,4.528441131114959717e-01,9.064330458641052246e-01,3.993610441684722900e-01,2.645510435104370117e-01,7.795986533164978027e-01,-5.598340034484863281e-01,5.275199413299560547e-01,6.986433267593383789e-01,-3.901536017656326294e-02,4.342058300971984863e-01,4.131319522857666016e-01,2.576425075531005859e-01
-2.775176167488098145e-01,1.163411214947700500e-01,1.037968873977661133e+00,8.586175441741943359e-01,1.241109251976013184e+00,4.295779466629028320e-01,3.183122277259826660e-01,1.006324887275695801e+00,2.448863089084625244e-01,9.344620257616043091e-02,-7.116876542568206787e-02,7.083410620689392090e-01,-1.871566846966743469e-02,2.311583161354064941e-01,5.390876531600952148e-02,7.020240426063537598e-01,-1.918869465589523315e-01,8.335254192352294922e-01
-2.755129635334014893e-01,5.490810424089431763e-02,6.998199224472045898e-01,1.348538994789123535e+00,6.732318401336669922e-01,2.929356694221496582e-01,6.440618634223937988e-01,5.745916962623596191e-01,6.392875313758850098e-01,5.544314980506896973e-01,-4.520304203033447266e-01,6.837679147720336914e-01,-2.345886081457138062e-02,1.021659851074218750e+00,-1.550686806440353394e-01,5.406809598207473755e-02,-1.578790843486785889e-01,-5.151973962783813477e-01
-4.804666042327880859e-01,4.690196514129638672e-01,6.979195475578308105e-01,2.151658087968826294e-01,8.993595838546752930e-01,1.216984018683433533e-01,7.546453475952148438e-01,7.568377256393432617e-01,4.218118488788604736e-01,1.307569593191146851e-01,2.496019750833511353e-01,5.016815662384033203e-01,1.809635460376739502e-01,-3.500848263502120972e-02,2.713885605335235596e-01,1.041623473167419434e+00,-4.717411845922470093e-02,6.968454718589782715e-01
6.538111567497253418e-01,1.082484349608421326e-01,9.380332231521606445e-01,-2.044679038226604462e-02,1.037937521934509277e+00,2.442300617694854736e-01,1.066055446863174438e-01,9.020434021949768066e-01,-1.497357487678527832e-01,4.209213554859161377e-01,2.633776515722274780e-02,6.288517713546752930e-01,2.723128199577331543e-01,-3.359107673168182373e-02,-4.647342264652252197e-01,-1.117714792490005493e-01,2.286422103643417358e-01,3.708707690238952637e-01
8.792822360992431641e-01,6.212781667709350586e-01,1.059356689453125000e+00,6.494517624378204346e-02,1.010547041893005371e+00,1.673318594694137573e-01,-4.698223620653152466e-02,2.370738238096237183e-02,3.549619913101196289e-01,9.237275719642639160e-01,6.298831105232238770e-01,-1.270164549350738525e-01,-1.063856258988380432e-01,2.494676113128662109e-01,2.239372581243515015e-01,-6.879939883947372437e-02,6.289481520652770996e-01,7.240543365478515625e-01
-1.640426814556121826e-01,4.748899936676025391e-01,7.623929381370544434e-01,1.764416545629501343e-01,1.063679099082946777e+00,4.946947097778320312e-01,8.125818371772766113e-01,9.679028987884521484e-01,4.598942697048187256e-01,6.348412632942199707e-01,7.860066890716552734e-01,6.872164607048034668e-01,4.541376829147338867e-01,5.315656065940856934e-01,4.429267719388008118e-03,4.782962501049041748e-01,1.590577512979507446e-01,6.887121796607971191e-01
3.406709134578704834e-01,3.025769591331481934e-01,1.904246807098388672e-01,2.998645603656768799e-01,1.943914294242858887e-01,4.429810643196105957e-01,1.303403496742248535e+00,-1.299402676522731781e-02,5.162061452865600586e-01,-1.603886336088180542e-01,2.497321516275405884e-01,1.555266380310058594e-01,1.477270871400833130e-01,4.096311628818511963e-01,3.334306180477142334e-01,1.158548235893249512e+00,1.354104578495025635e-01,2.396023273468017578e-01
6.045833230018615723e-01,6.838113069534301758e-01,6.758402585983276367e-01,1.136497378349304199e+00,1.392338752746582031e+00,2.264230400323867798e-01,8.154746145009994507e-02,4.100380837917327881e-01,-6.866838037967681885e-02,-2.343458533287048340e-01,1.594296693801879883e-01,-1.222841292619705200e-01,-5.023412704467773438e-01,6.518666148185729980e-01,2.254065871238708496e-01,1.080752089619636536e-01,9.115626811981201172e-01,2.632916718721389771e-02
1.088756561279296875e+00,-2.597737014293670654e-01,-4.724040627479553223e-04,7.251505851745605469e-01,4.796771705150604248e-01,7.956044673919677734e-01,5.184473395347595215e-01,4.682472348213195801e-01,7.638683170080184937e-02,5.337814092636108398e-01,8.779618740081787109e-01,9.223367571830749512e-01,4.121639430522918701e-01,1.089133024215698242e+00,1.405101269483566284e-03,7.590773105621337891e-01,-4.625406861305236816e-01,-2.704605460166931152e-01
1.326037496328353882e-01,-1.738227456808090210e-01,1.209068298339843750e+00,-6.698293685913085938e-01,7.088577747344970703e-01,6.231821179389953613e-01,4.367626905441284180e-01,6.573758125305175781e-01,1.541420966386795044e-01,2.136924564838409424e-01,6.078990101814270020e-01,7.113031148910522461e-01,-2.188005149364471436e-01,8.724220097064971924e-03,-6.693159043788909912e-02,7.760278880596160889e-02,-9.970032423734664917e-02,9.977812319993972778e-02
6.254276633262634277e-01,1.921060383319854736e-01,8.308136463165283203e-01,3.379938900470733643e-01,1.127684116363525391e+00,2.677761912345886230e-01,7.172299921512603760e-02,6.587617993354797363e-01,6.575993448495864868e-02,6.212412714958190918e-01,4.095599353313446045e-01,6.475923657417297363e-01,-6.011886149644851685e-02,4.593303799629211426e-01,-9.188906848430633545e-02,1.691417843103408813e-01,1.267383694648742676e-01,-1.224302500486373901e-02
3.298747539520263672e-01,3.742929697036743164e-01,4.044833183288574219e-01,8.746949434280395508e-01,1.286067962646484375e+00,7.322832345962524414e-01,-3.199815750122070312e-01,1.298962831497192383e+00,-6.671885028481483459e-03,7.123928517103195190e-04,1.443841159343719482e-01,5.121700167655944824e-01,3.183919191360473633e-02,3.280456066131591797e-01,1.852914988994598389e-01,8.549481630325317383e-01,-4.748339056968688965e-01,7.652238011360168457e-01
-1.435964405536651611e-01,5.510715842247009277e-01,9.191175103187561035e-01,7.519143223762512207e-01,1.104588508605957031e-01,8.725993037223815918e-01,1.257614135742187500e+00,4.877036437392234802e-02,8.657765984535217285e-01,5.034701228141784668e-01,-2.457368969917297363e-01,1.148625135421752930e+00,1.923589557409286499e-01,2.361577153205871582e-01,4.448775351047515869e-01,1.530285626649856567e-01,-5.160695314407348633e-01,2.910149991512298584e-01
1.153461635112762451e-03,9.553586244583129883e-01,7.319595217704772949e-01,-1.766662150621414185e-01,9.022668600082397461e-01,9.871424436569213867e-01,3.966232240200042725e-01,8.856836557388305664e-01,3.893022537231445312e-01,-3.830229640007019043e-01,3.714460432529449463e-01,1.017938137054443359e+00,-1.823286563158035278e-01,-9.112179279327392578e-03,3.275849223136901855e-01,4.328244030475616455e-01,-2.142032980918884277e-01,1.866512298583984375e-01
3.314850032329559326e-01,1.864337623119354248e-01,7.088315486907958984e-01,-4.384650662541389465e-02,9.316370487213134766e-01,9.043871760368347168e-01,3.984345495700836182e-01,4.525138735771179199e-01,3.554680049419403076e-01,4.872077107429504395e-01,6.347959041595458984e-01,2.788343429565429688e-01,-3.833540976047515869e-01,8.090094327926635742e-01,-2.539401054382324219e-01,-2.175887972116470337e-01,1.909258514642715454e-01,-6.472938507795333862e-02
7.726974487304687500e-01,-8.407954871654510498e-02,7.510532140731811523e-01,3.145466744899749756e-01,3.001646101474761963e-01,9.644276499748229980e-01,9.136305451393127441e-01,3.372060135006904602e-02,6.604804992675781250e-01,6.463735699653625488e-01,5.839018821716308594e-01,4.570399522781372070e-01,4.768237471580505371e-02,8.381901383399963379e-01,1.865713596343994141e-01,1.743010878562927246e-01,-3.677006065845489502e-02,3.054808974266052246e-01
-5.353730171918869019e-02,3.341783881187438965e-01,9.768599271774291992e-01,-3.584657907485961914e-01,1.145587682723999023e+00,-8.667504787445068359e-02,1.252938210964202881e-01,4.478985369205474854e-01,2.399876564741134644e-01,6.460269689559936523e-01,1.270805835723876953e+00,1.139592647552490234e+00,-1.526927016675472260e-02,2.546095550060272217e-01,6.969514489173889160e-02,6.645675897598266602e-01,1.118101477622985840e-01,-1.857956051826477051e-01
1.094089984893798828e+00,3.251466453075408936e-01,2.032084465026855469e-01,-6.947946548461914062e-02,2.923306226730346680e-01,1.339938879013061523e+00,5.747355818748474121e-01,3.242683410644531250e-01,4.311581254005432129e-01,6.031648442149162292e-02,4.445970654487609863e-01,6.413007378578186035e-01,3.385113179683685303e-01,5.809992551803588867e-01,-1.868137866258621216e-01,2.246857434511184692e-01,2.113422602415084839e-01,3.153497576713562012e-01
9.079976081848144531e-01,4.760705828666687012e-01,4.560893476009368896e-01,7.054699659347534180e-01,5.409212112426757812e-01,9.910470843315124512e-01,3.936906158924102783e-01,6.890581250190734863e-01,6.465021371841430664e-01,1.922334432601928711e-01,2.241852283477783203e-01,-1.065240874886512756e-01,1.091134026646614075e-01,1.092813014984130859e+00,3.950287103652954102e-01,-1.539874672889709473e-01,1.592145115137100220e-01,2.757672071456909180e-01
1.041935563087463379e+00,-3.293071687221527100e-01,5.705025792121887207e-01,6.098468899726867676e-01,4.691349565982818604e-01,4.301609992980957031e-01,3.413381278514862061e-01,7.202847599983215332e-01,4.182940125465393066e-01,4.079623520374298096e-01,6.114431023597717285e-01,3.657416105270385742e-01,7.490087151527404785e-01,1.259647607803344727e+00,-2.993876114487648010e-02,2.674845457077026367e-01,9.977927431464195251e-03,1.021243408322334290e-01
-1.259827017784118652e-01,1.608982980251312256e-01,1.114212751388549805e+00,-5.503895878791809082e-01,6.200444698333740234e-01,2.059256434440612793e-01,7.140083312988281250e-01,7.964518666267395020e-01,6.980923935770988464e-04,2.518688142299652100e-01,9.332132935523986816e-01,-1.691216975450515747e-02,5.461335778236389160e-01,2.391648590564727783e-01,-1.497385352849960327e-01,-5.520685911178588867e-01,9.824786335229873657e-02,4.597958326339721680e-01
9.209030866622924805e-01,7.849419116973876953e-01,4.998737573623657227e-01,-1.066100746393203735e-01,1.075994253158569336e+00,7.217798233032226562e-01,1.017870008945465088e-01,4.619209468364715576e-01,1.616780459880828857e-01,3.320953845977783203e-01,4.272621870040893555e-01,3.270375728607177734e-02,-2.245691418647766113e-01,3.146503865718841553e-01,-6.838724017143249512e-02,-1.074945032596588135e-01,5.459817647933959961e-01,3.417161703109741211e-01
1.367115378379821777e-01,-3.294476568698883057e-01,1.149468660354614258e+00,8.380527496337890625e-01,8.307325839996337891e-01,4.923373460769653320e-01,5.787233710289001465e-01,6.892918944358825684e-01,1.145661398768424988e-01,3.981938958168029785e-01,7.324585318565368652e-02,6.648693680763244629e-01,2.416507452726364136e-01,2.678190469741821289e-01,1.528642885386943817e-02,4.815190732479095459e-01,-3.807392120361328125e-01,9.348026514053344727e-01
-2.721028625965118408e-01,3.279995620250701904e-01,1.110961437225341797e+00,4.014277160167694092e-01,6.750208139419555664e-01,4.380473494529724121e-01,4.351181685924530029e-01,5.303538441658020020e-01,3.429881632328033447e-01,-1.342786997556686401e-01,-2.448500394821166992e-01,9.619420170783996582e-01,-9.887175261974334717e-02,8.574548363685607910e-02,1.743339449167251587e-01,1.907613575458526611e-01,-2.671879529953002930e-01,-1.617350578308105469e-01
4.552610218524932861e-01,2.994177341461181641e-01,2.828463912010192871e-01,4.189016520977020264e-01,7.872911691665649414e-01,3.140417337417602539e-01,5.963551253080368042e-02,8.006059527397155762e-01,5.516175627708435059e-01,2.367208451032638550e-01,3.142489790916442871e-01,6.028135418891906738e-01,2.776782512664794922e-01,3.266428411006927490e-01,3.880297839641571045e-01,1.456646800041198730e+00,-2.554027140140533447e-01,5.014188289642333984e-01
1.898272037506103516e-01,5.816805362701416016e-01,3.046920597553253174e-01,-1.221617758274078369e-01,1.282755255699157715e+00,4.619299769401550293e-01,3.521797060966491699e-02,2.843274176120758057e-01,6.065266132354736328e-01,9.327405095100402832e-01,4.333322644233703613e-01,-4.364602863788604736e-01,-2.422795593738555908e-01,9.129187464714050293e-01,-6.556946039199829102e-01,2.609188854694366455e-02,7.061020731925964355e-01,4.131567478179931641e-01
4.621443897485733032e-02,2.887831330299377441e-01,8.897011876106262207e-01,1.852701306343078613e-01,8.608504533767700195e-01,-8.819954991340637207e-01,2.287339866161346436e-01,4.032390117645263672e-01,1.310121547430753708e-02,1.128623247146606445e+00,3.825752139091491699e-01,5.975294113159179688e-01,6.187323927879333496e-01,8.798335492610931396e-02,-3.048344850540161133e-01,2.298131585121154785e-02,1.687191426753997803e-01,-2.720417976379394531e-01
4.336938858032226562e-01,4.162985682487487793e-01,5.489003062248229980e-01,-2.549397349357604980e-01,9.460164308547973633e-01,-3.768089413642883301e-01,1.918969154357910156e-01,6.268070340156555176e-01,1.925193145871162415e-02,1.724136620759963989e-01,6.692368388175964355e-01,2.700263261795043945e-01,5.146682262420654297e-01,1.928596794605255127e-01,-2.039635330438613892e-01,6.395960450172424316e-01,4.787150621414184570e-01,-1.264797449111938477e-01
2.376569807529449463e-01,1.053098320960998535e+00,5.202376246452331543e-01,2.393014281988143921e-01,1.065111637115478516e+00,6.443288922309875488e-01,-1.847290992736816406e-01,5.924862027168273926e-01,7.110454440116882324e-01,4.340448379516601562e-01,-2.484451830387115479e-01,1.051211595535278320e+00,-1.150257214903831482e-01,-4.522335901856422424e-02,-4.300668090581893921e-02,6.098949909210205078e-01,5.513706058263778687e-02,3.698384761810302734e-01
-6.241317987442016602e-01,4.804307222366333008e-01,8.364102244377136230e-01,1.100048899650573730e+00,4.176326692104339600e-01,-1.321946233510971069e-01,8.972539901733398438e-01,3.802023828029632568e-02,1.175400614738464355e+00,7.911193966865539551e-01,-3.354048430919647217e-01,1.045974254608154297e+00,3.163378834724426270e-01,4.064224660396575928e-01,2.218106836080551147e-01,8.788467049598693848e-01,-6.537592411041259766e-02,-5.479585379362106323e-02
1.472189426422119141e-01,6.376001834869384766e-01,6.617254018783569336e-01,4.232266172766685486e-02,1.122998714447021484e+00,1.483884751796722412e-01,-2.995708584785461426e-01,1.042995214462280273e+00,1.570219397544860840e-01,6.784695386886596680e-02,3.749600052833557129e-01,7.997456192970275879e-01,-2.292708493769168854e-02,-3.429168164730072021e-01,4.497550725936889648e-01,1.120760440826416016e+00,-1.672438532114028931e-01,4.007804393768310547e-01
4.571331143379211426e-01,1.031408667564392090e+00,3.853295370936393738e-02,2.563367486000061035e-01,1.152421355247497559e+00,4.698360562324523926e-01,-9.360497444868087769e-02,1.633142828941345215e-01,2.573134601116180420e-01,8.932139873504638672e-01,7.101371884346008301e-01,-2.474350333213806152e-01,-2.431287169456481934e-01,6.741560101509094238e-01,-9.546867012977600098e-02,-3.902269899845123291e-02,5.140238404273986816e-01,3.161399364471435547e-01
6.978372335433959961e-01,5.848736166954040527e-01,5.018493533134460449e-01,7.728618979454040527e-01,6.666424274444580078e-01,-7.217623293399810791e-02,4.802688658237457275e-01,4.431944489479064941e-01,2.673989832401275635e-01,1.255641937255859375e+00,5.861656665802001953e-01,8.007935881614685059e-01,1.076215147972106934e+00,3.299615085124969482e-01,8.116838335990905762e-02,4.236353635787963867e-01,1.937371939420700073e-01,5.483716726303100586e-01
-5.453232526779174805e-01,9.630807638168334961e-01,3.571397662162780762e-01,-4.612413793802261353e-02,1.123364090919494629e+00,-1.131745725870132446e-01,6.549176573753356934e-01,5.794048905372619629e-01,4.400531649589538574e-01,3.101968169212341309e-01,1.220009088516235352e+00,1.554754078388214111e-01,3.114115297794342041e-01,3.751989305019378662e-01,3.962441086769104004e-01,1.068604826927185059e+00,2.045012116432189941e-01,6.494727134704589844e-01
5.624223351478576660e-01,1.771525144577026367e-01,2.379563450813293457e-01,8.523486554622650146e-02,3.934053480625152588e-01,1.247617125511169434e+00,6.022468805313110352e-01,3.172455132007598877e-01,9.581162929534912109e-01,4.174191057682037354e-01,4.149856865406036377e-01,4.665479063987731934e-01,-4.839681833982467651e-02,1.005048274993896484e+00,-9.755642712116241455e-02,5.218108296394348145e-01,2.460398375988006592e-01,7.536657154560089111e-03
1.149352550506591797e+00,2.584374547004699707e-01,-4.384498596191406250e-01,4.140514135360717773e-01,8.255019187927246094e-01,1.352920413017272949e+00,1.994390785694122314e-02,7.418773174285888672e-01,-3.121097199618816376e-02,9.841448068618774414e-02,8.867595195770263672e-01,1.275262832641601562e-01,4.562474787235260010e-02,1.149017572402954102e+00,-1.083135753870010376e-01,4.693193137645721436e-01,-2.249449640512466431e-01,1.986435651779174805e-01
7.460845112800598145e-01,4.265480637550354004e-01,1.067730426788330078e+00,1.428764462471008301e+00,-1.274687051773071289e-02,-1.872645169496536255e-01,5.950558185577392578e-01,-5.574847757816314697e-02,-1.386484354734420776e-01,1.317399382591247559e+00,1.222782850265502930e+00,5.675088167190551758e-01,5.435712933540344238e-01,2.033014297485351562e-01,1.334216594696044922e+00,-6.377757787704467773e-01,-2.761738300323486328e-01,3.655207902193069458e-02
1.245497941970825195e+00,6.744236350059509277e-01,6.290708780288696289e-01,1.105677366256713867e+00,-4.044673740863800049e-01,5.163486003875732422e-01,1.856184959411621094e+00,-7.668129205703735352e-01,4.833738505840301514e-02,1.513305664062500000e+00,1.135071992874145508e+00,7.459886670112609863e-01,4.010925292968750000e-01,-3.768965303897857666e-01,1.605671405792236328e+00,-3.176528513431549072e-01,-8.054930716753005981e-02,9.725275635719299316e-01
1.321643590927124023e+00,7.617528438568115234e-01,5.298928022384643555e-01,8.123693466186523438e-01,-3.959838449954986572e-01,2.874872088432312012e-01,1.150050759315490723e+00,-5.973821878433227539e-01,-3.216594457626342773e-02,1.198677778244018555e+00,1.106289148330688477e+00,1.332080960273742676e-01,1.035279035568237305e+00,-3.696815967559814453e-01,1.409929156303405762e+00,-5.396074652671813965e-01,-1.338078230619430542e-01,1.414061784744262695e+00
8.805496096611022949e-01,2.909041345119476318e-01,1.003935858607292175e-01,3.764829933643341064e-01,1.577458679676055908e-01,1.682662665843963623e-01,8.147750496864318848e-01,-8.175592869520187378e-02,-3.248088061809539795e-02,3.567567169666290283e-01,1.240494966506958008e+00,5.169325470924377441e-01,6.026261448860168457e-01,4.412460923194885254e-01,5.064792037010192871e-01,6.500438451766967773e-01,-4.784870892763137817e-02,-6.288783997297286987e-02
1.309453725814819336e+00,7.399123311042785645e-01,1.191004514694213867e+00,1.144136786460876465e+00,7.945756912231445312e-01,6.127333641052246094e-01,1.180955767631530762e-02,8.525813817977905273e-01,1.847595125436782837e-01,-1.587962657213211060e-01,1.014912724494934082e+00,1.165203332901000977e+00,6.148738265037536621e-01,7.983418107032775879e-01,8.986130356788635254e-01,2.889500930905342102e-02,4.948900640010833740e-01,-6.915806978940963745e-02
7.254253625869750977e-01,-8.336858451366424561e-02,9.412620663642883301e-01,8.780371546745300293e-01,2.225908637046813965e-02,7.080537080764770508e-01,6.421823501586914062e-01,1.053592085838317871e+00,3.162282109260559082e-01,5.895461440086364746e-01,6.878690719604492188e-01,7.544511556625366211e-01,4.947264492511749268e-01,2.022115588188171387e-01,7.792986631393432617e-01,4.688747823238372803e-01,9.192004799842834473e-01,4.489581584930419922e-01
5.891944095492362976e-02,-3.667772710323333740e-01,5.789549350738525391e-01,8.319014310836791992e-01,2.637952864170074463e-01,8.532878756523132324e-01,5.632961392402648926e-01,8.428052067756652832e-01,3.265424370765686035e-01,9.816703200340270996e-01,8.613151907920837402e-01,1.023359298706054688e+00,-8.153301477432250977e-02,-9.226580709218978882e-02,3.962638378143310547e-01,5.399550199508666992e-01,1.066514968872070312e+00,2.731058001518249512e-01
-1.202738210558891296e-01,-2.818858027458190918e-01,8.982145786285400391e-02,6.103500723838806152e-01,-1.628155410289764404e-01,1.001547694206237793e+00,7.401962876319885254e-01,1.020603299140930176e+00,9.321442991495132446e-02,8.872258067131042480e-01,6.309195756912231445e-01,5.362818837165832520e-01,1.724800020456314087e-01,-1.273477375507354736e-01,8.386181294918060303e-02,9.751637279987335205e-02,1.100938081741333008e+00,5.227083712816238403e-02
-2.982556819915771484e-01,-1.771372556686401367e-01,-1.381710171699523926e-02,5.911524891853332520e-01,-1.402648687362670898e-01,1.036428809165954590e+00,8.381894230842590332e-01,8.732600212097167969e-01,1.133135110139846802e-01,8.214769363403320312e-01,5.628343820571899414e-01,5.229732990264892578e-01,3.459811955690383911e-02,-2.018796801567077637e-01,5.209785327315330505e-02,4.577094316482543945e-02,1.110481739044189453e+00,-9.008817374706268311e-03
-1.593316495418548584e-01,-5.854725465178489685e-02,-1.300969719886779785e-01,5.901344418525695801e-01,-7.814192026853561401e-02,1.053941726684570312e+00,8.972210884094238281e-01,1.100744605064392090e+00,6.438328325748443604e-02,9.167571067810058594e-01,6.343579888343811035e-01,4.942903518676757812e-01,1.767873764038085938e-01,-3.429317474365234375e-02,-6.846312433481216431e-03,9.894888848066329956e-02,1.095713973045349121e+00,-8.901267498731613159e-02
-2.584247589111328125e-01,-6.744910776615142822e-02,-1.154696717858314514e-01,4.923218488693237305e-01,-1.189499646425247192e-01,9.409482479095458984e-01,8.020572662353515625e-01,8.757452368736267090e-01,3.121967054903507233e-02,8.300304412841796875e-01,5.987308025360107422e-01,3.817358314990997314e-01,1.289079152047634125e-02,-2.205127179622650146e-01,8.742509782314300537e-02,-1.183803565800189972e-02,1.031775593757629395e+00,-7.117127627134323120e-02
6.907374858856201172e-01,3.715898990631103516e-01,4.179697632789611816e-01,2.267292588949203491e-01,3.108674287796020508e-02,6.904591917991638184e-01,4.903078675270080566e-01,7.144808173179626465e-01,-3.476821780204772949e-01,1.120465755462646484e+00,1.259945631027221680e+00,6.502965092658996582e-01,-3.404018655419349670e-02,-3.702605962753295898e-01,9.216244816780090332e-01,1.514617502689361572e-01,1.327814906835556030e-01,2.503921091556549072e-01
6.853585243225097656e-01,5.859100818634033203e-01,2.901945710182189941e-01,1.411312073469161987e-01,-3.867572546005249023e-01,1.628337740898132324e+00,1.415629267692565918e+00,-8.982856273651123047e-01,5.314407944679260254e-01,7.187503576278686523e-02,6.625256538391113281e-01,1.253082990646362305e+00,1.741081029176712036e-01,-4.122199118137359619e-01,6.772950291633605957e-01,-2.366866916418075562e-01,3.743263185024261475e-01,9.745129346847534180e-01
-8.034882694482803345e-02,-1.160029768943786621e-01,1.543484032154083252e-01,6.481625437736511230e-01,7.936507463455200195e-04,1.096359491348266602e+00,7.446744441986083984e-01,9.309291839599609375e-01,1.297784596681594849e-01,7.260184884071350098e-01,9.456415176391601562e-01,8.604766726493835449e-01,3.742373883724212646e-01,1.671176701784133911e-01,-5.826602503657341003e-02,1.997644752264022827e-01,1.232499480247497559e+00,-2.602022141218185425e-02
-1.021077558398246765e-01,3.832124173641204834e-03,1.727463118731975555e-02,6.492336988449096680e-01,3.449274599552154541e-02,1.007678985595703125e+00,9.483762979507446289e-01,9.471870064735412598e-01,1.306060105562210083e-01,8.886162638664245605e-01,7.616830468177795410e-01,6.330124139785766602e-01,2.086245417594909668e-01,6.468038260936737061e-02,6.709303706884384155e-02,1.606745868921279907e-01,1.105405688285827637e+00,-2.350126951932907104e-02
-1.569460034370422363e-01,-1.189453899860382080e-02,-9.452558308839797974e-02,6.097122430801391602e-01,-2.883417159318923950e-02,9.724684953689575195e-01,9.219104647636413574e-01,9.754416346549987793e-01,4.647754877805709839e-02,8.851811289787292480e-01,7.135338187217712402e-01,5.237534046173095703e-01,2.185648083686828613e-01,7.002733647823333740e-03,1.576487533748149872e-02,8.599208295345306396e-02,1.088330388069152832e+00,-6.021606177091598511e-02
-1.843667328357696533e-01,3.032598644495010376e-02,-1.953470408916473389e-01,5.298064947128295898e-01,1.217103004455566406e-02,9.865520596504211426e-01,9.548046588897705078e-01,9.667717218399047852e-01,7.692321203649044037e-03,8.921925425529479980e-01,7.219147086143493652e-01,4.782317280769348145e-01,1.228631362318992615e-01,2.741231769323348999e-02,-1.175335980951786041e-02,6.562653928995132446e-02,1.025661826133728027e+00,-1.351444125175476074e-01
-2.069452702999114990e-01,7.846770435571670532e-02,-2.362743616104125977e-01,4.664087295532226562e-01,-2.740166336297988892e-02,1.065065860748291016e+00,9.952391386032104492e-01,9.404368996620178223e-01,6.855466216802597046e-02,9.322249889373779297e-01,7.093001604080200195e-01,4.694215655326843262e-01,1.050521582365036011e-01,1.052619516849517822e-02,-3.546389564871788025e-02,6.681390106678009033e-02,1.022063255310058594e+00,-1.145600602030754089e-01
-2.503619194030761719e-01,-2.244060635566711426e-01,3.799799829721450806e-03,5.446779727935791016e-01,-3.027840852737426758e-01,7.169767618179321289e-01,6.332062482833862305e-01,5.000920295715332031e-01,3.395508974790573120e-02,6.824694275856018066e-01,6.891558766365051270e-01,3.164114654064178467e-01,2.468119747936725616e-02,-3.587781488895416260e-01,3.196326196193695068e-01,-6.119407713413238525e-02,1.070716619491577148e+00,-1.061909645795822144e-02
3.429834544658660889e-01,-1.203670352697372437e-02,-7.604976743459701538e-02,1.009477496147155762e+00,1.115007400512695312e-01,5.516703128814697266e-01,4.602710157632827759e-02,1.041318297386169434e+00,-5.115862488746643066e-01,4.023763537406921387e-01,9.968306422233581543e-01,2.625274360179901123e-01,6.690431833267211914e-01,3.571522831916809082e-01,2.914972007274627686e-01,2.225211448967456818e-02,5.231141448020935059e-01,-3.087155520915985107e-03
1.167447805404663086e+00,3.584065437316894531e-01,3.926955163478851318e-02,1.171763539314270020e+00,1.143774747848510742e+00,6.752557158470153809e-01,-7.375242710113525391e-01,9.262081980705261230e-01,3.881255388259887695e-01,5.885070562362670898e-01,1.254438161849975586e+00,-3.253570571541786194e-02,2.655837498605251312e-02,1.198233842849731445e+00,8.819527626037597656e-01,9.622439742088317871e-01,1.073108837008476257e-01,5.365523099899291992e-01
3.681765496730804443e-01,1.152667626738548279e-01,-1.625757217407226562e-01,7.581828832626342773e-01,1.022164821624755859e+00,2.422251105308532715e-01,1.612500846385955811e-02,6.045792698860168457e-01,4.152957201004028320e-01,1.636263489723205566e+00,6.031310558319091797e-01,7.126995921134948730e-01,7.353195548057556152e-01,4.554659724235534668e-01,-2.274881154298782349e-01,1.454753160476684570e+00,-2.060034722089767456e-01,1.034519791603088379e+00
9.927788376808166504e-01,-3.075378835201263428e-01,-7.011417299509048462e-02,-7.849367260932922363e-01,-1.052709072828292847e-01,5.774275064468383789e-01,-3.495543897151947021e-01,9.513213634490966797e-01,6.997336149215698242e-01,9.542760848999023438e-01,2.521666288375854492e-01,-8.903872966766357422e-02,1.141222000122070312e+00,4.353313446044921875e-01,-4.218179583549499512e-01,4.873699247837066650e-01,-3.386618196964263916e-01,8.533874750137329102e-01
3.437756299972534180e-01,7.562255859375000000e-01,6.544584631919860840e-01,-1.026189029216766357e-01,5.186264514923095703e-01,-1.832814365625381470e-01,-2.521674036979675293e-01,1.587745189666748047e+00,8.270701169967651367e-01,4.335427880287170410e-01,4.848686754703521729e-01,-2.452988624572753906e-01,9.584407806396484375e-01,9.468945860862731934e-01,4.337352216243743896e-01,-3.248451054096221924e-01,-5.370975285768508911e-02,-2.568018436431884766e-01
-2.964333444833755493e-02,1.322294950485229492e+00,1.158482670783996582e+00,6.926127672195434570e-01,1.308166742324829102e+00,2.580137550830841064e-01,6.492630243301391602e-01,7.333315014839172363e-01,7.093674540519714355e-01,3.613116145133972168e-01,1.284856200218200684e-01,1.548418700695037842e-01,3.402992486953735352e-01,4.947327375411987305e-01,2.812635898590087891e-01,-1.214390695095062256e-01,6.647245287895202637e-01,9.737926721572875977e-01
-3.659587502479553223e-01,1.940775513648986816e-01,9.421881437301635742e-01,1.463909029960632324e+00,4.845806062221527100e-01,8.228383958339691162e-02,5.135487318038940430e-01,1.031618714332580566e+00,9.504221081733703613e-01,1.218037247657775879e+00,-4.608274102210998535e-01,9.107970595359802246e-01,6.920905113220214844e-01,9.861872792243957520e-01,4.700939171016216278e-03,-1.769056022167205811e-01,-2.762021422386169434e-01,-3.209354281425476074e-01
-4.809847474098205566e-01,6.305810809135437012e-01,5.086040496826171875e-01,-1.216421276330947876e-01,8.903285264968872070e-01,1.928067952394485474e-02,-1.944578886032104492e-01,1.509383320808410645e+00,6.451739072799682617e-01,4.438928663730621338e-01,2.507966160774230957e-01,6.534329056739807129e-02,4.824252724647521973e-01,2.684117853641510010e-01,1.772120147943496704e-01,6.692987084388732910e-01,-2.593978345394134521e-01,4.367858171463012695e-01
4.175102710723876953e-01,2.552131116390228271e-01,1.295481085777282715e+00,1.592991352081298828e-01,6.830044984817504883e-01,4.933180809020996094e-01,3.718953132629394531e-01,4.816744923591613770e-01,4.601562023162841797e-01,7.196248173713684082e-01,-7.594004273414611816e-02,5.401185750961303711e-01,2.465131320059299469e-02,2.658243775367736816e-01,1.073353886604309082e-01,-4.564579725265502930e-01,-1.097227856516838074e-01,2.539874017238616943e-01
1.083481550216674805e+00,3.811407089233398438e-01,1.126423597335815430e+00,7.404209375381469727e-01,7.832605838775634766e-01,9.062338471412658691e-01,1.022272229194641113e+00,7.831824570894241333e-02,1.250976920127868652e-01,2.026258856058120728e-01,2.077122479677200317e-01,2.505224943161010742e-01,-1.343940943479537964e-01,4.131258428096771240e-01,3.518918156623840332e-01,-1.763990819454193115e-01,1.265404820442199707e-01,7.747727632522583008e-01
1.115167215466499329e-01,2.994223833084106445e-01,3.363319337368011475e-01,4.106344878673553467e-01,5.797111988067626953e-01,1.675724536180496216e-01,1.326498866081237793e+00,9.210721254348754883e-01,1.937911286950111389e-02,-4.786132872104644775e-01,5.836177468299865723e-01,-1.531807780265808105e-01,8.105148673057556152e-01,7.730167508125305176e-01,1.140774190425872803e-01,2.980285882949829102e-01,2.192080467939376831e-01,2.759319543838500977e-01
-4.890540987253189087e-02,7.987064123153686523e-01,6.389631032943725586e-01,3.754776120185852051e-01,4.539041221141815186e-01,9.691340923309326172e-01,1.354239821434020996e+00,8.680391311645507812e-01,4.985280632972717285e-01,4.867084920406341553e-01,4.388111457228660583e-02,5.039737820625305176e-01,4.607434570789337158e-01,3.969850838184356689e-01,4.779904149472713470e-03,-4.584983289241790771e-01,-4.927376285195350647e-03,2.883509397506713867e-01
1.277813613414764404e-01,8.017504215240478516e-01,1.648372709751129150e-01,2.105241566896438599e-01,7.657834291458129883e-01,8.780460953712463379e-01,1.127134039998054504e-01,1.206410765647888184e+00,9.447749853134155273e-01,9.328325390815734863e-01,3.962205946445465088e-01,3.595837950706481934e-01,7.300748825073242188e-01,1.300823688507080078e+00,-4.455744922161102295e-01,-2.909940779209136963e-01,7.018067687749862671e-02,2.545846253633499146e-02
9.723090529441833496e-01,-2.376952171325683594e-01,1.865852177143096924e-01,-2.727908492088317871e-01,-4.805994033813476562e-02,1.251461267471313477e+00,4.635849595069885254e-01,5.320600271224975586e-01,9.174794554710388184e-01,9.355511665344238281e-01,1.733073145151138306e-01,5.298689007759094238e-01,5.277311801910400391e-01,7.706230878829956055e-01,-2.890493571758270264e-01,2.889213860034942627e-01,-3.553250133991241455e-01,4.206115603446960449e-01
-1.739941835403442383e-01,6.455339193344116211e-01,1.233922481536865234e+00,1.359959840774536133e-01,8.981348276138305664e-01,-2.656322121620178223e-01,6.058067083358764648e-01,6.187037229537963867e-01,4.745444357395172119e-01,-9.044561535120010376e-02,1.025448322296142578e+00,4.608833193778991699e-01,1.482274681329727173e-01,5.667181015014648438e-01,6.835088133811950684e-01,4.256823658943176270e-01,2.491038590669631958e-01,-3.799861073493957520e-01
3.607130646705627441e-01,9.578220844268798828e-01,5.594258904457092285e-01,7.527740001678466797e-01,9.848963022232055664e-01,8.703892827033996582e-01,3.752147853374481201e-01,1.018216013908386230e+00,1.075929105281829834e-01,-2.116937190294265747e-01,-4.929992556571960449e-02,6.385894417762756348e-01,4.085293412208557129e-02,6.278792023658752441e-02,4.072762429714202881e-01,1.551068723201751709e-01,-5.331129580736160278e-02,6.186589002609252930e-01
3.739087879657745361e-01,2.645081877708435059e-01,7.013622522354125977e-01,1.141995906829833984e+00,4.863540232181549072e-01,6.950004696846008301e-01,5.100177526473999023e-01,5.313720703125000000e-01,5.998243689537048340e-01,5.718920826911926270e-01,4.893347248435020447e-02,6.873476505279541016e-01,4.002102017402648926e-01,7.457306385040283203e-01,2.935902774333953857e-01,2.106083482503890991e-01,-3.112494349479675293e-01,4.903441071510314941e-01
4.701754152774810791e-01,-2.749427855014801025e-01,7.760800123214721680e-01,4.407280087471008301e-01,7.241885662078857422e-01,-2.228821367025375366e-01,5.147274136543273926e-01,6.619881987571716309e-01,1.532613206654787064e-02,2.055724859237670898e-01,6.627320647239685059e-01,3.271414637565612793e-01,5.137647986412048340e-01,7.417865991592407227e-01,-3.296003490686416626e-02,4.523196220397949219e-01,1.819061189889907837e-01,-2.302324175834655762e-01
7.367784380912780762e-01,-9.721332788467407227e-02,8.547805547714233398e-01,-1.793738454580307007e-01,6.457554101943969727e-01,7.157300710678100586e-01,1.966508477926254272e-01,5.428835153579711914e-01,8.391540497541427612e-02,4.074582457542419434e-01,1.478664129972457886e-01,3.750624358654022217e-01,-1.031524166464805603e-01,4.084960222244262695e-01,4.092783480882644653e-02,-3.512651324272155762e-01,-5.233702808618545532e-02,-2.414793372154235840e-01
1.052960395812988281e+00,5.409284234046936035e-01,3.755576014518737793e-01,1.850790083408355713e-01,3.780425488948822021e-01,8.620250821113586426e-01,-2.124028801918029785e-01,4.876103401184082031e-01,6.865916252136230469e-01,8.159739375114440918e-01,6.076972484588623047e-01,8.218053579330444336e-01,5.771093368530273438e-01,7.766045331954956055e-01,-5.700622126460075378e-02,7.886669039726257324e-02,1.228087469935417175e-01,-1.523441076278686523e-01
1.129014134407043457e+00,3.525353074073791504e-01,7.913234233856201172e-01,5.888136625289916992e-01,6.171743571758270264e-02,1.471384614706039429e-01,4.485450088977813721e-01,3.611941933631896973e-01,6.841610074043273926e-01,2.934465706348419189e-01,1.749280393123626709e-01,1.158684492111206055e+00,1.098115921020507812e+00,4.539841413497924805e-02,6.209179759025573730e-01,9.569632411003112793e-01,-5.541313439607620239e-02,4.339019656181335449e-01
1.939521431922912598e-01,2.442504465579986572e-01,1.197277545928955078e+00,3.711768090724945068e-01,5.241714715957641602e-01,-6.191179156303405762e-03,3.930982053279876709e-01,1.296528339385986328e+00,3.176635205745697021e-01,4.468994960188865662e-02,4.191619157791137695e-02,5.015751719474792480e-01,7.741811275482177734e-01,2.721858024597167969e-01,2.913229465484619141e-01,-6.860326230525970459e-02,1.130934283137321472e-01,7.649505883455276489e-02
2.211989164352416992e-01,3.911247253417968750e-01,9.818386435508728027e-01,3.761910200119018555e-01,1.424693226814270020e+00,1.440690457820892334e-02,1.818174421787261963e-01,8.093175888061523438e-01,9.216779470443725586e-02,6.912567615509033203e-01,8.800483942031860352e-01,-1.586236953735351562e-01,4.151481091976165771e-01,8.441879153251647949e-01,-2.315456271171569824e-01,-1.084755510091781616e-01,7.156981825828552246e-01,7.666304111480712891e-01
4.839718937873840332e-01,1.925095915794372559e-01,4.568956196308135986e-01,8.643016219139099121e-02,6.023184061050415039e-01,1.314175605773925781e+00,8.336221575736999512e-01,6.250010132789611816e-01,6.346082091331481934e-01,1.125216603279113770e+00,4.648109674453735352e-01,5.568364858627319336e-01,1.651495397090911865e-01,7.803671956062316895e-01,-2.859807908535003662e-01,-1.253448426723480225e-01,-1.376997977495193481e-01,4.617678523063659668e-01
1.640868186950683594e-01,7.856214642524719238e-01,6.044133305549621582e-01,-9.402250498533248901e-02,2.691687047481536865e-01,-2.777688503265380859e-01,6.840739250183105469e-01,5.355777144432067871e-01,9.362657070159912109e-01,5.109183192253112793e-01,1.144243240356445312e+00,1.053346097469329834e-01,1.209898114204406738e+00,9.684039950370788574e-01,3.313443064689636230e-01,3.084181547164916992e-01,5.137706995010375977e-01,-2.038508653640747070e-01
4.245007932186126709e-01,8.613978028297424316e-01,-9.994319826364517212e-02,4.696255326271057129e-01,6.387027502059936523e-01,8.997277617454528809e-01,4.922845065593719482e-01,9.162065982818603516e-01,2.372322529554367065e-01,-3.727146089076995850e-01,-3.777047991752624512e-01,3.782770037651062012e-01,2.669611871242523193e-01,3.399389386177062988e-01,-1.581903100013732910e-01,2.153961062431335449e-01,-3.533856570720672607e-02,8.867741376161575317e-02
3.102810978889465332e-01,7.255566716194152832e-01,5.000200867652893066e-01,1.427520751953125000e+00,6.165062189102172852e-01,3.185645937919616699e-01,5.138953328132629395e-01,6.046234965324401855e-01,5.805892944335937500e-01,3.925585448741912842e-01,-5.958409905433654785e-01,5.157760381698608398e-01,4.572802186012268066e-01,7.217423319816589355e-01,5.512547865509986877e-02,-7.851868122816085815e-02,1.776179969310760498e-01,7.956159859895706177e-02
5.648784637451171875e-01,2.588827908039093018e-01,2.559468746185302734e-01,1.103982329368591309e+00,6.017628908157348633e-01,2.228689640760421753e-01,5.496081113815307617e-01,7.733259201049804688e-01,4.269786477088928223e-01,1.081460833549499512e+00,3.814387321472167969e-01,1.518636196851730347e-01,1.042751550674438477e+00,7.702640891075134277e-01,1.977377086877822876e-01,5.741989016532897949e-01,-3.380379825830459595e-02,1.085818409919738770e+00
7.374987006187438965e-01,3.376162797212600708e-02,5.036694407463073730e-01,-1.608954817056655884e-01,2.528877854347229004e-01,3.614543676376342773e-01,7.611282467842102051e-01,4.672412574291229248e-01,2.482028156518936157e-01,1.285014599561691284e-01,6.933856606483459473e-01,3.386190533638000488e-01,8.924378752708435059e-01,4.778479337692260742e-01,-1.234313249588012695e-01,4.154410660266876221e-01,1.448102295398712158e-01,3.022588491439819336e-01
3.084792494773864746e-01,6.233074665069580078e-01,4.379047751426696777e-01,-2.629068493843078613e-01,6.310222148895263672e-01,3.285124301910400391e-01,8.641384840011596680e-01,7.559593319892883301e-01,9.314770251512527466e-02,1.830569505691528320e-01,6.132168769836425781e-01,5.202736258506774902e-01,9.560728669166564941e-01,2.348441779613494873e-01,-3.543227016925811768e-01,8.070898056030273438e-02,3.011194765567779541e-01,3.912642002105712891e-01
1.070541664958000183e-01,5.337939858436584473e-01,1.662996411323547363e-01,-9.696203470230102539e-02,1.967631280422210693e-01,8.671343922615051270e-01,5.628687143325805664e-01,1.228512167930603027e+00,6.995090842247009277e-01,3.810237348079681396e-01,2.337567806243896484e-01,3.710322678089141846e-01,9.295756816864013672e-01,4.768335819244384766e-01,-2.228102460503578186e-02,8.821459859609603882e-02,-2.708834111690521240e-01,4.613866209983825684e-01
2.710082232952117920e-01,1.194926023483276367e+00,3.591081500053405762e-01,1.404682993888854980e+00,1.034628272056579590e+00,3.142665624618530273e-01,4.684768617153167725e-01,1.501359194517135620e-01,3.236250877380371094e-01,5.776854753494262695e-01,3.054433763027191162e-01,3.281250000000000000e-01,1.662377119064331055e-01,8.973855972290039062e-01,1.454818844795227051e-01,-2.264973670244216919e-01,6.377648115158081055e-01,1.371930837631225586e-01
7.449978590011596680e-01,-6.264218688011169434e-02,6.423672437667846680e-01,7.568524479866027832e-01,6.672128438949584961e-01,6.613043546676635742e-01,2.539477646350860596e-01,6.319305300712585449e-01,7.265616655349731445e-01,9.523773193359375000e-01,7.715906500816345215e-01,7.073323130607604980e-01,1.505888700485229492e-01,1.197095394134521484e+00,3.825440108776092529e-01,5.333795547485351562e-01,-1.311083585023880005e-01,-4.080461710691452026e-02
4.859789013862609863e-01,4.915129542350769043e-01,8.805132508277893066e-01,-3.703842461109161377e-01,6.011977195739746094e-01,-1.780238002538681030e-01,3.708730936050415039e-01,6.259869337081909180e-01,-1.817336305975914001e-03,1.149170845746994019e-01,8.222032785415649414e-01,3.701917231082916260e-01,3.105528652667999268e-01,8.554759621620178223e-02,3.317539393901824951e-01,-7.110875099897384644e-02,1.591362208127975464e-01,-3.772444128990173340e-01
9.367346167564392090e-01,8.844283819198608398e-01,6.601400375366210938e-01,5.325556397438049316e-01,8.523346185684204102e-01,-5.518728494644165039e-02,2.468844056129455566e-01,-5.334590077400207520e-01,4.600225687026977539e-01,9.019355773925781250e-01,8.613135218620300293e-01,4.845100641250610352e-01,7.402234524488449097e-02,6.812075972557067871e-01,2.143598049879074097e-01,1.094355434179306030e-01,9.413560032844543457e-01,-6.275212019681930542e-02
3.899895250797271729e-01,6.486810445785522461e-01,5.513325333595275879e-01,6.408393979072570801e-01,4.421301186084747314e-01,-1.269758194684982300e-01,1.067110776901245117e+00,5.242596268653869629e-01,-2.065596133470535278e-01,-6.497804820537567139e-02,2.985217869281768799e-01,3.935901820659637451e-01,1.133281350135803223e+00,-5.294899642467498779e-02,1.619203537702560425e-01,2.171313911676406860e-01,3.277532160282135010e-01,6.032984256744384766e-01
5.393276214599609375e-01,8.364771604537963867e-01,8.769248723983764648e-01,7.182835340499877930e-01,5.746124982833862305e-01,-3.273212909698486328e-01,7.065446972846984863e-01,9.631143808364868164e-01,-2.441672831773757935e-01,9.344771504402160645e-02,1.889041662216186523e-01,5.983932018280029297e-01,1.335789203643798828e+00,-2.464757412672042847e-01,2.312794625759124756e-01,-2.135941199958324432e-02,5.252202153205871582e-01,4.904819726943969727e-01
1.051367640495300293e+00,9.322237968444824219e-01,4.863443672657012939e-01,8.522549271583557129e-01,1.243551969528198242e+00,3.073921203613281250e-01,-3.671379387378692627e-01,8.766771852970123291e-02,5.590711832046508789e-01,5.927988290786743164e-01,8.656564950942993164e-01,-2.292229980230331421e-01,-3.008021414279937744e-02,1.140756130218505859e+00,3.133544921875000000e-01,3.990390300750732422e-01,1.128061294555664062e+00,4.172472953796386719e-01
3.022559583187103271e-01,7.724123448133468628e-02,7.918544411659240723e-01,4.512012600898742676e-01,9.048020839691162109e-01,7.114254832267761230e-01,6.279020309448242188e-01,4.811257421970367432e-01,7.310803234577178955e-02,8.297858834266662598e-01,7.889139056205749512e-01,7.070999145507812500e-01,3.881087899208068848e-02,3.641118109226226807e-01,7.460913807153701782e-02,3.437917232513427734e-01,-1.841900646686553955e-01,5.859823822975158691e-01
1.060290336608886719e+00,5.716735124588012695e-01,5.161651968955993652e-01,1.006895542144775391e+00,6.815906763076782227e-01,-3.797843456268310547e-01,7.684218883514404297e-01,4.544982910156250000e-01,-3.170638680458068848e-01,-7.812402397394180298e-02,1.036754369735717773e+00,4.267292022705078125e-01,1.037844181060791016e+00,4.944376349449157715e-01,6.443591713905334473e-01,6.805739402770996094e-01,2.387415021657943726e-01,9.648490697145462036e-02
1.085079669952392578e+00,9.028973579406738281e-01,5.856239199638366699e-01,1.091569781303405762e+00,6.417012214660644531e-01,2.965307235717773438e-01,5.677566528320312500e-01,-6.749887019395828247e-02,2.340927869081497192e-01,5.243259072303771973e-01,3.938687741756439209e-01,-1.168088987469673157e-01,3.073792159557342529e-01,5.393859148025512695e-01,5.019471645355224609e-01,-1.123189032077789307e-01,8.577267527580261230e-01,5.548956394195556641e-01
1.079317688941955566e+00,-2.762734293937683105e-01,7.612168192863464355e-01,8.957031369209289551e-01,2.651069164276123047e-01,3.154174685478210449e-01,1.453305006027221680e+00,2.417910397052764893e-01,-1.371544785797595978e-02,-1.630843132734298706e-01,6.299579143524169922e-01,1.854452788829803467e-01,7.811926007270812988e-01,5.628929734230041504e-01,6.117557883262634277e-01,9.557582139968872070e-01,1.988997682929039001e-03,8.481639027595520020e-01
1.017621636390686035e+00,4.269950389862060547e-01,9.612205028533935547e-01,1.894255280494689941e-01,8.412269353866577148e-01,6.826514005661010742e-01,3.752521872520446777e-01,8.378020524978637695e-01,-1.032598912715911865e-01,8.079960942268371582e-02,3.872818648815155029e-01,4.637085795402526855e-01,4.207475185394287109e-01,2.569967508316040039e-01,-1.862704008817672729e-02,-3.712035119533538818e-01,2.249430119991302490e-01,5.092462897300720215e-01
9.953289031982421875e-01,5.934481024742126465e-01,1.043086290359497070e+00,2.957804799079895020e-01,7.620157003402709961e-01,6.768168210983276367e-01,1.963880211114883423e-01,4.906375706195831299e-01,1.933382749557495117e-01,6.903793811798095703e-01,6.907514929771423340e-01,2.525393068790435791e-01,-1.819309219717979431e-02,2.841822504997253418e-01,5.640309453010559082e-01,-4.057281315326690674e-01,2.286384254693984985e-01,5.862944126129150391e-01
4.574868977069854736e-01,3.932561278343200684e-01,7.734497189521789551e-01,-5.037159472703933716e-02,1.997854709625244141e-01,4.823980927467346191e-01,1.091406822204589844e+00,1.132769063115119934e-01,1.001217365264892578e+00,-2.059315517544746399e-02,8.435983061790466309e-01,3.223250806331634521e-01,3.058228194713592529e-01,6.996493935585021973e-01,7.611334323883056641e-01,9.213755130767822266e-01,1.283066868782043457e-01,2.547876238822937012e-01
5.243304371833801270e-01,8.132773637771606445e-01,2.711350321769714355e-01,3.240382373332977295e-01,6.378690004348754883e-01,1.436306715011596680e+00,5.775662064552307129e-01,4.963065683841705322e-01,5.659970045089721680e-01,6.845235228538513184e-01,1.647609472274780273e-01,5.460709333419799805e-01,-1.747321039438247681e-01,6.253221631050109863e-01,-1.214915663003921509e-01,-3.141007721424102783e-01,1.907220333814620972e-01,9.298122674226760864e-02
6.136292815208435059e-01,2.231874763965606689e-01,4.427390992641448975e-01,8.893724083900451660e-01,8.930790424346923828e-01,6.053765416145324707e-01,4.372264742851257324e-01,1.131735369563102722e-01,1.134993582963943481e-01,6.390337347984313965e-01,6.819298267364501953e-01,8.705364465713500977e-01,-3.090139850974082947e-02,6.284226179122924805e-01,1.564904749393463135e-01,6.492845416069030762e-01,-2.700066864490509033e-01,2.522504925727844238e-01
4.844581186771392822e-01,2.759342640638351440e-02,2.830848991870880127e-01,-4.574476480484008789e-01,4.624681174755096436e-01,8.671569824218750000e-01,5.034777522087097168e-01,1.196936145424842834e-01,-2.950463257730007172e-02,4.370943903923034668e-01,1.128047466278076172e+00,9.785694479942321777e-01,-8.860045671463012695e-02,2.434040009975433350e-01,-1.768058538436889648e-01,3.086093664169311523e-01,-4.007023572921752930e-01,-1.742502450942993164e-01
5.886558294296264648e-01,-1.034111380577087402e-01,4.520906209945678711e-01,-7.170195877552032471e-02,6.491285562515258789e-01,3.243824839591979980e-01,2.943385839462280273e-01,2.870895266532897949e-01,-3.703813254833221436e-01,4.399185478687286377e-01,1.334363698959350586e+00,8.402179479598999023e-01,-6.409763544797897339e-02,2.128055989742279053e-01,1.977630108594894409e-01,4.125839769840240479e-01,-1.441880464553833008e-01,-2.023366689682006836e-01
5.631152391433715820e-01,3.438830971717834473e-01,4.564579948782920837e-02,7.794296741485595703e-01,7.485140562057495117e-01,5.547102093696594238e-01,2.895443439483642578e-01,-2.053019702434539795e-01,-2.931650876998901367e-01,8.227887749671936035e-01,1.103242397308349609e+00,6.391260027885437012e-01,-1.492808610200881958e-01,4.465212225914001465e-01,1.946472376585006714e-01,3.305641412734985352e-01,-1.911865323781967163e-01,1.442555189132690430e-01
7.923829555511474609e-01,-1.852896809577941895e-01,9.127756580710411072e-03,6.602163612842559814e-02,4.190179407596588135e-01,7.075427174568176270e-01,-2.076588571071624756e-03,1.725158095359802246e-01,-1.725854165852069855e-02,4.740645587444305420e-01,1.208622455596923828e+00,1.034010648727416992e+00,-1.375614386051893234e-02,4.933792948722839355e-01,1.612607836723327637e-01,8.699564933776855469e-01,-4.692787528038024902e-01,-2.806778550148010254e-01
1.003671765327453613e+00,2.353244423866271973e-01,8.831732869148254395e-01,1.183591127395629883e+00,8.556996583938598633e-01,9.119504690170288086e-02,3.117421865463256836e-01,2.870493233203887939e-01,-4.653050005435943604e-02,2.842922508716583252e-01,1.369131565093994141e+00,1.326501846313476562e+00,3.139203786849975586e-01,9.284743666648864746e-01,7.046252489089965820e-01,4.377260208129882812e-01,2.179054468870162964e-01,-5.443658828735351562e-01
6.323445439338684082e-01,8.466570973396301270e-01,2.230290472507476807e-01,7.173868417739868164e-01,4.415334165096282959e-01,9.572650790214538574e-01,-2.755308747291564941e-01,5.284461379051208496e-01,-3.461812436580657959e-02,-1.886525601148605347e-01,1.305307626724243164e+00,8.994933366775512695e-01,5.530112385749816895e-01,4.176817238330841064e-01,4.952229857444763184e-01,1.484233438968658447e-01,6.035989522933959961e-01,1.260984688997268677e-02
5.023822784423828125e-01,8.360180258750915527e-01,7.917984724044799805e-01,7.498864531517028809e-01,4.792291224002838135e-01,1.328038692474365234e+00,-8.016193658113479614e-02,-1.346102822571992874e-02,8.175458312034606934e-01,-2.193498611450195312e-01,1.479054689407348633e+00,2.052374601364135742e+00,2.021314352750778198e-01,-2.212080061435699463e-01,1.129996657371520996e+00,6.541376709938049316e-01,9.796606302261352539e-01,4.911438226699829102e-01
-7.177270203828811646e-02,-2.315377295017242432e-01,3.051451146602630615e-01,7.519044280052185059e-01,9.977692365646362305e-02,9.313926100730895996e-01,7.028955221176147461e-01,8.471638560295104980e-01,2.277889102697372437e-01,1.002369523048400879e+00,6.673537492752075195e-01,8.468630909919738770e-01,-1.187683567404747009e-01,-1.446363925933837891e-01,2.569225430488586426e-01,3.137624263763427734e-01,9.378551840782165527e-01,1.001483947038650513e-02
-2.059048414230346680e-01,-1.561231315135955811e-01,4.079317748546600342e-01,6.337334513664245605e-01,-2.648973464965820312e-02,1.154006719589233398e+00,3.593286573886871338e-01,6.162992119789123535e-01,4.720018804073333740e-01,3.990240395069122314e-01,7.627755999565124512e-01,1.143468856811523438e+00,2.760418057441711426e-01,-2.061498761177062988e-01,1.114717572927474976e-01,2.950908541679382324e-01,1.285431623458862305e+00,4.269798398017883301e-01
-1.497447788715362549e-01,-1.003259941935539246e-01,6.147353351116180420e-02,5.605547428131103516e-01,-1.882962882518768311e-02,1.021454453468322754e+00,8.613397479057312012e-01,9.560888409614562988e-01,1.407617628574371338e-01,9.388771057128906250e-01,6.503857374191284180e-01,5.834190249443054199e-01,9.471749886870384216e-03,-7.280726730823516846e-02,9.112918376922607422e-02,1.277260780334472656e-01,1.036426067352294922e+00,-6.974434107542037964e-02
-7.813381403684616089e-02,-2.737667858600616455e-01,3.293588757514953613e-01,7.090833783149719238e-01,-5.673646926879882812e-03,9.483143091201782227e-01,7.314766049385070801e-01,8.005977869033813477e-01,2.797776162624359131e-01,8.932348489761352539e-01,7.020764946937561035e-01,8.048568964004516602e-01,9.544886648654937744e-03,-1.242339909076690674e-01,2.365913391113281250e-01,3.264029622077941895e-01,1.088635683059692383e+00,1.026097014546394348e-01
2.781796157360076904e-01,-6.692005991935729980e-01,2.228132821619510651e-02,1.399937987327575684e+00,1.077295392751693726e-01,-4.407140612602233887e-02,-7.016693353652954102e-01,9.377882480621337891e-01,-1.180624961853027344e-01,7.375610470771789551e-01,8.422446846961975098e-01,-4.046067297458648682e-01,-1.946436911821365356e-01,4.975564777851104736e-03,1.085948348045349121e+00,6.301146745681762695e-01,4.891718029975891113e-01,3.361579477787017822e-01
-5.116739273071289062e-01,-3.877004384994506836e-01,-3.778310120105743408e-01,1.419903397560119629e+00,-3.596913814544677734e-01,4.073467850685119629e-01,-9.268821030855178833e-02,1.181662797927856445e+00,-2.132304012775421143e-01,-1.841093599796295166e-01,1.365552186965942383e+00,-4.706148803234100342e-02,7.387991547584533691e-01,3.905190527439117432e-02,1.392030000686645508e+00,8.140514492988586426e-01,8.937536478042602539e-01,1.140809804201126099e-02
-1.611297726631164551e-01,5.581096559762954712e-02,-1.518226563930511475e-01,5.167315006256103516e-01,-5.434366315603256226e-02,1.077528238296508789e+00,9.501386880874633789e-01,1.043105006217956543e+00,8.529379218816757202e-02,8.359957337379455566e-01,6.045944690704345703e-01,3.420245349407196045e-01,9.185262024402618408e-02,-3.559030219912528992e-02,5.605242773890495300e-02,3.508644923567771912e-02,1.087756156921386719e+00,-3.791343420743942261e-02
-1.315360665321350098e-01,1.635826379060745239e-02,-9.865298122167587280e-02,5.208827853202819824e-01,-8.774652332067489624e-02,1.129550218582153320e+00,9.482429027557373047e-01,1.076646208763122559e+00,1.034994870424270630e-01,8.676605820655822754e-01,6.438211202621459961e-01,4.090324640274047852e-01,1.364933550357818604e-01,-6.919161975383758545e-02,4.942705854773521423e-02,5.296523869037628174e-02,1.143597364425659180e+00,1.706743985414505005e-02
-2.596971690654754639e-01,1.105204150080680847e-01,-1.368359923362731934e-01,4.955723285675048828e-01,-6.332667917013168335e-02,1.142290234565734863e+00,9.929163455963134766e-01,9.489954113960266113e-01,1.579299718141555786e-01,8.178808689117431641e-01,5.809454917907714844e-01,4.063366949558258057e-01,4.592666774988174438e-02,-7.917917519807815552e-02,3.095233254134654999e-02,1.754672080278396606e-02,1.124587774276733398e+00,-2.082359045743942261e-02
-2.826752662658691406e-01,1.070095226168632507e-01,-1.359396874904632568e-01,4.955728650093078613e-01,-4.445278644561767578e-02,1.094716787338256836e+00,1.074128270149230957e+00,8.773848414421081543e-01,2.106404453516006470e-01,8.447625041007995605e-01,5.086734294891357422e-01,3.897737264633178711e-01,-4.523497819900512695e-02,-5.040156096220016479e-02,5.724410340189933777e-02,4.831670969724655151e-02,1.056015372276306152e+00,-7.309340685606002808e-02
-3.158775269985198975e-01,1.551359146833419800e-02,-1.452535688877105713e-01,3.771798610687255859e-01,-2.976448237895965576e-01,1.129449129104614258e+00,8.540629148483276367e-01,7.826588749885559082e-01,1.185526251792907715e-01,5.512230992317199707e-01,4.379564523696899414e-01,1.700448691844940186e-01,1.338657923042774200e-02,-3.126038312911987305e-01,9.631918370723724365e-02,-1.638077944517135620e-01,1.149661779403686523e+00,9.724373370409011841e-02
-9.289554506540298462e-02,1.639521718025207520e-01,-2.641209065914154053e-01,3.340519666671752930e-01,-3.491233587265014648e-01,8.723874092102050781e-01,3.048414289951324463e-01,6.366332769393920898e-01,-3.174333870410919189e-01,-4.581057652831077576e-02,4.949157238006591797e-01,-2.353384047746658325e-01,2.184097319841384888e-01,-5.003169775009155273e-01,2.308364659547805786e-01,-4.311935603618621826e-01,1.129281282424926758e+00,1.889666914939880371e-01
5.261922478675842285e-01,3.716889917850494385e-01,3.634890541434288025e-03,1.007710814476013184e+00,8.434896469116210938e-01,9.528988003730773926e-01,2.606745809316635132e-02,1.149581193923950195e+00,-2.381862252950668335e-01,7.183723449707031250e-01,1.030926704406738281e+00,3.794492483139038086e-01,5.976354479789733887e-01,5.973504185676574707e-01,1.911284923553466797e-01,1.586470007896423340e-01,1.415220350027084351e-01,7.638880610466003418e-01
6.654345393180847168e-01,5.493313670158386230e-01,1.109331399202346802e-01,1.213525295257568359e+00,8.571496009826660156e-01,4.492973685264587402e-01,3.867838084697723389e-01,5.157274007797241211e-01,-1.001652330160140991e-03,7.076856493949890137e-01,1.088585853576660156e+00,6.116117835044860840e-01,6.581518054008483887e-01,9.709902405738830566e-01,1.803729087114334106e-01,3.664093017578125000e-01,2.834076583385467529e-01,2.028328180313110352e-01
5.374795198440551758e-01,7.817033529281616211e-01,3.741494566202163696e-02,4.857130050659179688e-01,6.900886297225952148e-01,-2.128625661134719849e-01,5.598465204238891602e-01,4.087713956832885742e-01,1.352479606866836548e-01,-1.043805480003356934e-01,7.848827838897705078e-01,-9.991590678691864014e-02,3.648070394992828369e-01,4.815292358398437500e-01,6.594877839088439941e-01,9.875933527946472168e-01,3.607477545738220215e-01,-2.850412577390670776e-02
2.589971721172332764e-01,1.141320228576660156e+00,6.074903607368469238e-01,1.327653288841247559e+00,9.180163145065307617e-01,6.956000924110412598e-01,9.427668452262878418e-01,2.133351266384124756e-01,2.892689108848571777e-01,4.590692818164825439e-01,1.021719723939895630e-02,2.367622852325439453e-01,6.448717415332794189e-02,5.548180937767028809e-01,2.392930686473846436e-01,-3.486554920673370361e-01,4.815405607223510742e-01,6.066940426826477051e-01
6.087180972099304199e-01,3.404210805892944336e-01,3.518324196338653564e-01,5.091066956520080566e-01,3.761877119541168213e-01,3.861971497535705566e-01,1.143134593963623047e+00,8.342703580856323242e-01,1.348549276590347290e-01,-2.984329462051391602e-01,4.146743416786193848e-01,2.476675510406494141e-01,6.718664765357971191e-01,5.880711674690246582e-01,3.868956863880157471e-01,3.716780841350555420e-01,1.629362851381301880e-01,1.031060293316841125e-01
6.905111074447631836e-01,2.898953855037689209e-03,1.188972949981689453e+00,6.995604038238525391e-01,1.015129446983337402e+00,3.559321165084838867e-01,5.809170603752136230e-01,8.169618248939514160e-01,-4.787209033966064453e-01,-8.184348233044147491e-03,3.028341531753540039e-01,7.091711163520812988e-01,7.245908677577972412e-02,2.576183974742889404e-01,8.233956992626190186e-02,-2.835130393505096436e-01,-1.534415781497955322e-01,1.011397913098335266e-01
1.167766094207763672e+00,5.550428032875061035e-01,3.009201288223266602e-01,7.188020348548889160e-01,6.433976888656616211e-01,3.984615206718444824e-01,5.101368427276611328e-01,-7.112982869148254395e-02,-8.868262916803359985e-02,8.352918624877929688e-01,5.483291149139404297e-01,-4.592776298522949219e-03,7.032801210880279541e-02,4.622001051902770996e-01,2.402663975954055786e-01,-1.867545843124389648e-01,2.397513687610626221e-01,2.672117948532104492e-01
-2.831046283245086670e-01,1.357061505317687988e+00,-2.840780615806579590e-01,7.002348303794860840e-01,5.643637180328369141e-01,1.751392930746078491e-01,8.497509956359863281e-01,2.751860618591308594e-01,2.054882496595382690e-01,4.421860873699188232e-01,1.012526869773864746e+00,4.428198337554931641e-01,7.121677994728088379e-01,2.434279322624206543e-01,5.582845211029052734e-01,6.262543797492980957e-01,-9.580198675394058228e-02,5.550687313079833984e-01
1.221533894538879395e+00,6.891191005706787109e-01,-2.793656289577484131e-01,6.065750718116760254e-01,1.803333163261413574e-01,9.506217241287231445e-01,8.630204796791076660e-01,6.600910425186157227e-01,6.107091903686523438e-02,2.273359522223472595e-02,3.787302672863006592e-01,1.718990206718444824e-01,8.694213032722473145e-01,8.294129371643066406e-01,-1.620461791753768921e-02,-3.115902245044708252e-01,3.732287883758544922e-01,1.984799653291702271e-02
1.085210800170898438e+00,2.591401934623718262e-01,3.387606143951416016e-01,5.907754302024841309e-01,9.871170520782470703e-01,1.159941911697387695e+00,1.059912800788879395e+00,4.821803271770477295e-01,-4.378350451588630676e-03,3.372808098793029785e-01,6.557419896125793457e-01,-1.742592453956604004e-01,-2.363030984997749329e-02,8.839191198348999023e-01,3.919572010636329651e-02,1.282102018594741821e-01,3.073715865612030029e-01,8.556175827980041504e-01
6.769572496414184570e-01,-3.881390094757080078e-01,9.112533330917358398e-01,3.760710060596466064e-01,4.362782537937164307e-01,7.718696594238281250e-01,1.233632683753967285e+00,2.452100515365600586e-01,-9.415439516305923462e-02,3.581352531909942627e-01,3.550513386726379395e-01,7.543199062347412109e-01,3.794905543327331543e-01,2.490865588188171387e-01,6.087447702884674072e-02,2.120780050754547119e-01,-3.182266652584075928e-01,6.724478006362915039e-01
5.868289619684219360e-02,4.760143160820007324e-01,8.269072175025939941e-01,-5.752540379762649536e-02,8.764615058898925781e-01,9.248084574937820435e-02,5.763945579528808594e-01,6.829090714454650879e-01,-1.269171386957168579e-02,-3.402731567621231079e-02,6.323375701904296875e-01,6.615403294563293457e-01,6.839761883020401001e-02,3.150265663862228394e-02,2.482473254203796387e-01,3.221307992935180664e-01,1.235586479306221008e-01,-2.492474764585494995e-02
2.827813327312469482e-01,5.834473371505737305e-01,5.407704710960388184e-01,5.349674820899963379e-01,9.602221250534057617e-01,1.090243577957153320e+00,5.273344516754150391e-01,7.219345569610595703e-01,-9.099142625927925110e-04,7.305776327848434448e-02,1.725665032863616943e-01,5.819866657257080078e-01,-1.165914759039878845e-01,2.120505571365356445e-01,-1.424628496170043945e-02,-2.349199168384075165e-02,-3.822559863328933716e-02,6.196362972259521484e-01
4.611406922340393066e-01,3.434888124465942383e-01,7.859632372856140137e-01,7.633616924285888672e-01,7.015388011932373047e-01,7.378534078598022461e-01,5.227752923965454102e-01,4.953522980213165283e-01,3.751538991928100586e-01,9.600064158439636230e-01,2.568039298057556152e-01,9.021000862121582031e-01,1.888485699892044067e-01,4.031125605106353760e-01,8.449913561344146729e-02,1.081714183092117310e-01,7.328679412603378296e-02,3.967522382736206055e-01
9.615595340728759766e-01,-2.099027931690216064e-01,6.117423176765441895e-01,7.838611602783203125e-01,8.137245178222656250e-01,-1.633986681699752808e-01,2.977640032768249512e-01,6.692876219749450684e-01,-7.294998317956924438e-02,3.489383757114410400e-01,6.034780740737915039e-01,8.064925670623779297e-01,5.421986579895019531e-01,6.511664390563964844e-01,1.504142880439758301e-01,8.726248145103454590e-01,-5.405283719301223755e-02,-1.952000856399536133e-01
1.123918294906616211e+00,4.310231804847717285e-01,7.983488440513610840e-01,9.004783630371093750e-02,7.193242311477661133e-01,-1.156736463308334351e-01,2.299099117517471313e-01,4.834890663623809814e-01,-3.925529718399047852e-01,3.579672574996948242e-01,-1.427342742681503296e-02,4.991234540939331055e-01,3.858757913112640381e-01,-3.876433074474334717e-01,-1.051925122737884521e-01,-1.916333585977554321e-01,3.813781142234802246e-01,7.933986932039260864e-02
1.741331338882446289e+00,8.585447072982788086e-01,4.615926146507263184e-01,1.146416783332824707e+00,7.867082357406616211e-01,1.447355002164840698e-01,5.034443140029907227e-01,1.949483305215835571e-01,5.254126191139221191e-01,6.815238595008850098e-01,7.078446745872497559e-01,2.258646190166473389e-01,1.046511650085449219e+00,1.383102178573608398e+00,1.647881716489791870e-01,1.226014196872711182e-01,9.511802792549133301e-01,1.324870586395263672e-01
4.668469727039337158e-01,1.006659388542175293e+00,5.032283663749694824e-01,3.993901908397674561e-01,-1.291687339544296265e-01,2.930997312068939209e-01,8.296683430671691895e-01,6.619730591773986816e-01,9.717009067535400391e-01,1.661395281553268433e-02,-1.521903574466705322e-01,6.817608475685119629e-01,1.175850510597229004e+00,4.501648545265197754e-01,4.767129123210906982e-01,1.031991187483072281e-02,-1.933151483535766602e-01,-4.841112345457077026e-02
8.195797801017761230e-01,6.477625966072082520e-01,1.311239898204803467e-01,4.776962995529174805e-01,2.933896183967590332e-01,6.581112742424011230e-01,-6.812713295221328735e-02,1.544035434722900391e+00,5.976672172546386719e-01,1.006829142570495605e-01,-5.012552142143249512e-01,3.686729073524475098e-02,6.342874467372894287e-02,5.168117880821228027e-01,4.682182371616363525e-01,-1.337440498173236847e-02,-7.902123779058456421e-02,-6.789953112602233887e-01
-2.431805133819580078e-01,5.781950354576110840e-01,-8.315814286470413208e-02,9.891210198402404785e-01,1.143842816352844238e+00,5.308025479316711426e-01,2.706138491630554199e-01,6.253144741058349609e-01,8.105228543281555176e-01,1.112909317016601562e+00,5.114695429801940918e-01,1.921951770782470703e-02,1.900272220373153687e-01,1.140676021575927734e+00,2.286907285451889038e-03,9.376463890075683594e-01,-1.292371191084384918e-02,9.153500795364379883e-01
8.808715939521789551e-01,-4.539703428745269775e-01,5.331853628158569336e-01,1.747198849916458130e-01,4.619731009006500244e-01,4.314188361167907715e-01,5.847222805023193359e-01,4.451381862163543701e-01,7.838417291641235352e-01,7.699766755104064941e-01,2.402430772781372070e-01,2.477830946445465088e-01,4.843564629554748535e-01,1.144128322601318359e+00,-4.588481783866882324e-01,4.960576295852661133e-01,2.766441106796264648e-01,5.614824593067169189e-03
-3.205799460411071777e-01,3.363186419010162354e-01,6.116122603416442871e-01,-3.037765622138977051e-01,5.896157026290893555e-01,-4.564316868782043457e-01,6.671975851058959961e-01,1.545615941286087036e-01,2.775645852088928223e-01,2.684554159641265869e-01,8.373645544052124023e-01,-3.861024677753448486e-01,2.152526378631591797e-01,4.083209633827209473e-01,1.836932450532913208e-02,2.252022325992584229e-01,3.474740684032440186e-01,-1.725620031356811523e-01
2.420285940170288086e-01,9.865312576293945312e-01,8.207609876990318298e-03,4.198265969753265381e-01,1.256668210029602051e+00,6.475074887275695801e-01,-1.120886132121086121e-01,5.991576910018920898e-01,2.817903161048889160e-01,2.324967533349990845e-01,4.090461432933807373e-01,6.672217249870300293e-01,-1.669278889894485474e-01,4.393644928932189941e-01,6.030581891536712646e-03,7.658234238624572754e-01,-5.166316404938697815e-03,2.715336084365844727e-01
3.857950866222381592e-01,8.705946207046508789e-01,4.857391119003295898e-01,9.887503981590270996e-01,5.150734186172485352e-01,3.550861477851867676e-01,3.082260489463806152e-01,3.514592647552490234e-01,9.254965782165527344e-01,6.675998568534851074e-01,-4.199905991554260254e-01,2.005888223648071289e-01,4.554031491279602051e-01,6.820655465126037598e-01,1.260899305343627930e-01,-1.878987066447734833e-02,2.461728900671005249e-01,4.187838435173034668e-01
2.307253181934356689e-01,4.509977251291275024e-02,5.580223202705383301e-01,9.958119988441467285e-01,2.653586566448211670e-01,6.057204008102416992e-01,5.834490656852722168e-01,7.810298204421997070e-01,1.109577894210815430e+00,9.784048199653625488e-01,1.312496662139892578e-01,4.335767030715942383e-01,7.968217730522155762e-01,1.047674655914306641e+00,3.543395996093750000e-01,5.499987602233886719e-01,-4.502249956130981445e-01,7.233450412750244141e-01
2.837624549865722656e-01,6.960995197296142578e-01,9.398430585861206055e-01,-1.763062179088592529e-01,7.106999158859252930e-01,-3.167194724082946777e-01,-2.219488471746444702e-02,1.295374035835266113e+00,2.477959841489791870e-01,-5.240732803940773010e-02,6.881993412971496582e-01,4.267704486846923828e-02,7.804106473922729492e-01,4.930480718612670898e-01,2.920487523078918457e-01,-3.123520016670227051e-01,2.861751019954681396e-01,-3.146359324455261230e-01
2.119039893150329590e-01,3.374055027961730957e-01,1.011879205703735352e+00,1.596274077892303467e-01,9.108474254608154297e-01,7.499707937240600586e-01,6.255684494972229004e-01,4.615417420864105225e-01,2.798503637313842773e-01,5.716532468795776367e-01,5.895141959190368652e-01,-2.095001637935638428e-01,-5.371155589818954468e-02,7.175669670104980469e-01,-1.043646037578582764e-01,-6.719975471496582031e-01,2.165102511644363403e-01,6.708992123603820801e-01
3.643656969070434570e-01,-1.604398041963577271e-01,1.154876470565795898e+00,9.307820796966552734e-01,6.928726434707641602e-01,4.016224741935729980e-01,9.846895337104797363e-01,7.257250547409057617e-01,2.280961871147155762e-01,7.140690684318542480e-01,4.683749973773956299e-01,6.531104445457458496e-01,7.056309580802917480e-01,5.154803991317749023e-01,2.557585835456848145e-01,3.591379225254058838e-01,-3.433704674243927002e-01,9.867627024650573730e-01
7.996068000793457031e-01,3.073380887508392334e-01,-2.956571578979492188e-01,5.162403583526611328e-01,9.600523114204406738e-02,4.527996778488159180e-01,9.370847940444946289e-01,1.598563790321350098e-01,7.118389010429382324e-01,-1.610782295465469360e-01,5.602329969406127930e-02,4.861454963684082031e-01,5.233730077743530273e-01,9.269182085990905762e-01,1.182982325553894043e-01,1.148062467575073242e+00,8.781408518552780151e-02,-2.833987474441528320e-01
7.489241957664489746e-01,9.203950166702270508e-01,6.535704731941223145e-01,-2.499795705080032349e-01,7.900426387786865234e-01,1.161456704139709473e+00,5.197470188140869141e-01,9.314506053924560547e-01,1.307864040136337280e-01,-5.321546196937561035e-01,3.335091471672058105e-01,4.801881909370422363e-01,-1.626293957233428955e-01,-5.240212008357048035e-02,4.690456986427307129e-01,6.727344542741775513e-02,-5.359179526567459106e-02,4.111561179161071777e-01
2.189780175685882568e-01,-5.590033531188964844e-02,6.345160603523254395e-01,-1.662092953920364380e-01,6.870479583740234375e-01,3.876608312129974365e-01,7.990440726280212402e-01,-2.620070278644561768e-01,9.205017089843750000e-01,1.051442027091979980e+00,9.962028861045837402e-01,-5.341373682022094727e-01,-1.861101537942886353e-01,1.306118249893188477e+00,-1.849215030670166016e-01,1.735402643680572510e-01,6.070748567581176758e-01,3.570117950439453125e-01
-3.587827831506729126e-02,1.890445947647094727e-01,7.411746978759765625e-01,-2.657801806926727295e-01,5.650905370712280273e-01,1.772460937500000000e-01,6.788703799247741699e-01,2.887295782566070557e-01,1.424545049667358398e-01,2.073647081851959229e-01,1.032265305519104004e+00,3.916072845458984375e-02,2.662318013608455658e-02,4.064099788665771484e-01,1.987707763910293579e-01,9.473236650228500366e-02,3.822949528694152832e-02,9.846098721027374268e-03
8.568659424781799316e-01,2.291961610317230225e-01,7.222599983215332031e-01,8.600836992263793945e-02,4.684217274188995361e-01,1.036723256111145020e+00,4.924861192703247070e-01,3.785103261470794678e-01,4.144659936428070068e-01,3.387148976325988770e-01,5.021529197692871094e-01,9.261315464973449707e-01,8.873060345649719238e-02,4.784709960222244263e-02,3.799561560153961182e-01,7.322267889976501465e-01,-2.790069766342639923e-02,6.923092603683471680e-01
4.825121462345123291e-01,7.117975354194641113e-01,5.284972190856933594e-01,3.605868816375732422e-01,1.417716443538665771e-01,7.322751283645629883e-01,9.801124334335327148e-01,-5.072792768478393555e-01,7.910426259040832520e-01,1.017380118370056152e+00,-7.262060046195983887e-02,1.244604587554931641e+00,2.784307301044464111e-01,-5.795639008283615112e-02,-3.475437685847282410e-02,3.587678968906402588e-01,5.051933974027633667e-02,3.389928936958312988e-01
1.158550858497619629e+00,6.785617470741271973e-01,9.701076745986938477e-01,5.256739631295204163e-02,8.191518783569335938e-01,2.286637425422668457e-01,-3.508176803588867188e-01,8.651401996612548828e-01,5.941318273544311523e-01,4.207355976104736328e-01,7.157219052314758301e-01,7.628658413887023926e-01,2.412110716104507446e-01,5.055878758430480957e-01,5.459684133529663086e-01,1.324608474969863892e-01,5.260829925537109375e-01,-3.486979603767395020e-01
9.729456901550292969e-01,4.676194787025451660e-01,1.127848863601684570e+00,6.708940863609313965e-02,8.103597164154052734e-01,5.439254045486450195e-01,1.858641803264617920e-01,3.726717531681060791e-01,3.481027483940124512e-01,7.564324140548706055e-01,1.012836933135986328e+00,3.300447762012481689e-01,4.004576057195663452e-02,5.989863276481628418e-01,3.477647006511688232e-01,-2.696728110313415527e-01,5.171850919723510742e-01,1.771152019500732422e-01
2.750968039035797119e-01,1.344986557960510254e+00,1.863567829132080078e-01,3.874614834785461426e-01,4.100427329540252686e-01,-2.692645788192749023e-02,5.307798981666564941e-01,6.611334532499313354e-02,3.344902098178863525e-01,9.775113463401794434e-01,1.012603282928466797e+00,9.746616482734680176e-01,9.119911789894104004e-01,1.720566451549530029e-01,3.424671590328216553e-01,1.403381973505020142e-01,4.838489741086959839e-02,-8.712159842252731323e-02
4.581391215324401855e-01,9.075750112533569336e-01,1.380216628313064575e-01,1.278398782014846802e-01,3.859652578830718994e-02,1.527261435985565186e-01,9.602593779563903809e-01,-2.973377108573913574e-01,1.750284135341644287e-01,-1.750002056360244751e-02,6.323180198669433594e-01,8.144447207450866699e-01,4.004756510257720947e-01,9.066584706306457520e-02,3.576422035694122314e-01,2.828521430492401123e-01,4.746051877737045288e-02,-5.590062737464904785e-01
1.345099687576293945e+00,1.000357985496520996e+00,2.693499922752380371e-01,-1.921351812779903412e-02,4.906567633152008057e-01,1.011377930641174316e+00,1.455048471689224243e-01,-3.860763609409332275e-01,9.634516239166259766e-01,1.144046545028686523e+00,9.600515961647033691e-01,-3.077805638313293457e-01,-5.479881763458251953e-01,7.829537391662597656e-01,6.498224139213562012e-01,2.852736413478851318e-01,6.813888549804687500e-01,2.495236396789550781e-01
3.774071633815765381e-01,4.387825131416320801e-01,4.258815944194793701e-01,-4.339950084686279297e-01,4.293002784252166748e-01,3.408753871917724609e-01,5.540265440940856934e-01,6.656814366579055786e-02,-3.664371371269226074e-02,7.090244889259338379e-01,1.069070816040039062e+00,9.058334231376647949e-01,4.498698413372039795e-01,-1.730917990207672119e-01,-6.355252861976623535e-02,1.119372919201850891e-01,-4.317326098680496216e-02,2.131092548370361328e-01
1.962942779064178467e-01,6.233773231506347656e-01,-5.788048356771469116e-02,-1.540217846632003784e-01,5.676851272583007812e-01,2.500571012496948242e-01,3.888592422008514404e-01,9.531050175428390503e-02,-4.581934511661529541e-01,1.158797383308410645e+00,1.341948747634887695e+00,8.883063197135925293e-01,2.985682189464569092e-01,-2.319274693727493286e-01,-8.174078166484832764e-02,-2.625506371259689331e-03,-2.311003655195236206e-01,-1.799546927213668823e-02
8.219100236892700195e-01,1.041136980056762695e+00,6.399649381637573242e-02,5.962637439370155334e-02,5.684010982513427734e-01,3.968581557273864746e-01,-2.622628957033157349e-02,-2.666227817535400391e-01,7.121679931879043579e-02,1.064461231231689453e+00,4.286020398139953613e-01,5.239654779434204102e-01,-3.235244154930114746e-01,-3.901551067829132080e-01,2.655292749404907227e-01,8.300641924142837524e-02,3.283714950084686279e-01,1.200164631009101868e-01
8.515132069587707520e-01,3.584876060485839844e-01,8.519597053527832031e-01,8.868123888969421387e-01,8.127020597457885742e-01,6.663879156112670898e-01,5.917495489120483398e-01,-1.046997867524623871e-02,8.079308085143566132e-03,4.046235680580139160e-01,6.771249175071716309e-01,4.558154344558715820e-01,-1.346647143363952637e-01,3.312857151031494141e-01,5.436767339706420898e-01,3.731010854244232178e-01,5.104974657297134399e-02,7.163805961608886719e-01
4.400869458913803101e-02,3.962839245796203613e-01,8.980563282966613770e-01,-5.414961278438568115e-02,9.233843088150024414e-01,2.591652572154998779e-01,4.241044819355010986e-01,5.658761858940124512e-01,-1.132285892963409424e-01,7.248591631650924683e-02,9.881810545921325684e-01,8.735513091087341309e-01,1.061813533306121826e-01,6.429213285446166992e-02,1.672675013542175293e-01,3.726571202278137207e-01,2.104649506509304047e-02,1.103237941861152649e-01
9.156289696693420410e-01,-2.785334736108779907e-02,5.012643933296203613e-01,1.577512621879577637e-01,8.244930505752563477e-01,6.075797080993652344e-01,1.202529668807983398e-01,3.728824555873870850e-01,-3.224941790103912354e-01,2.418522834777832031e-01,6.647745370864868164e-01,8.188539743423461914e-01,-3.095341026782989502e-01,1.673230677843093872e-01,5.639459937810897827e-02,3.998370170593261719e-01,-1.142407134175300598e-01,-1.158835813403129578e-01
6.310777664184570312e-01,2.916023433208465576e-01,6.920711994171142578e-01,8.306213021278381348e-01,7.208501100540161133e-01,4.240677952766418457e-01,1.403158158063888550e-01,-6.746920943260192871e-02,3.556811511516571045e-01,4.264141619205474854e-01,2.858289480209350586e-01,6.867951154708862305e-01,-1.405171453952789307e-01,3.780311942100524902e-01,3.105988204479217529e-01,7.296510338783264160e-01,-5.586210638284683228e-02,2.984019517898559570e-01
-3.976977616548538208e-02,5.995623469352722168e-01,-4.826447069644927979e-01,1.038395017385482788e-01,4.245394170284271240e-01,-1.565171927213668823e-01,5.101002454757690430e-01,-1.215858981013298035e-01,-2.265332043170928955e-01,2.561315596103668213e-01,6.441676616668701172e-01,1.951370537281036377e-01,-4.365507513284683228e-02,-1.331036090850830078e-01,8.937582373619079590e-02,9.013712406158447266e-01,-7.084170356392860413e-03,-2.850622534751892090e-01
8.797984719276428223e-01,1.107199415564537048e-01,9.103152155876159668e-01,5.570610761642456055e-01,8.779475688934326172e-01,2.539849877357482910e-01,2.414898872375488281e-01,-8.652782440185546875e-02,-2.039876580238342285e-01,4.318003058433532715e-01,7.615910172462463379e-01,9.797527194023132324e-01,-3.756791353225708008e-01,1.729356199502944946e-01,3.856484591960906982e-01,4.100351035594940186e-01,-6.365365535020828247e-02,-1.452642083168029785e-01
5.208748579025268555e-01,5.188786387443542480e-01,5.818933844566345215e-01,3.934514522552490234e-01,8.833091259002685547e-01,6.728089451789855957e-01,4.974440932273864746e-01,-2.501137852668762207e-01,2.576624751091003418e-01,1.044439315795898438e+00,7.689765691757202148e-01,8.501937985420227051e-01,-4.736208617687225342e-01,3.957694470882415771e-01,1.263932734727859497e-01,2.565155327320098877e-01,1.199748143553733826e-01,1.093775779008865356e-02
1.726357340812683105e-01,9.822540283203125000e-01,2.765547111630439758e-02,-1.163056492805480957e-01,2.583468854427337646e-01,1.207042485475540161e-01,1.163559317588806152e+00,-2.977608740329742432e-01,9.263839572668075562e-02,2.862267196178436279e-01,9.030498862266540527e-01,3.161503076553344727e-01,1.953324228525161743e-01,-9.395837038755416870e-02,4.183116555213928223e-01,5.217073559761047363e-01,1.459195315837860107e-01,1.412797719240188599e-02
6.259143948554992676e-01,7.107678651809692383e-01,3.093502819538116455e-01,-2.821379303932189941e-01,8.473976850509643555e-01,5.351635217666625977e-01,2.062034010887145996e-01,3.595370352268218994e-01,-2.913444638252258301e-01,1.719165295362472534e-01,5.802731513977050781e-01,8.769233822822570801e-01,-3.787200897932052612e-02,-2.918979525566101074e-01,-1.893520653247833252e-01,2.877730727195739746e-01,3.630465567111968994e-01,-7.712351530790328979e-02
5.190533995628356934e-01,4.049182534217834473e-01,9.793867468833923340e-01,1.151089191436767578e+00,6.784354448318481445e-01,3.726619482040405273e-01,6.119853854179382324e-01,6.875859946012496948e-02,5.619501471519470215e-01,5.682882070541381836e-01,1.509570837020874023e+00,4.680212140083312988e-01,5.458520650863647461e-01,1.445583820343017578e+00,5.943703651428222656e-01,1.348149329423904419e-01,7.133074402809143066e-01,1.831139922142028809e-01
8.547386527061462402e-01,4.327450394630432129e-01,4.704808592796325684e-01,4.290161728858947754e-01,5.606710910797119141e-04,8.767033219337463379e-01,1.390566676855087280e-02,4.904760420322418213e-01,4.821205139160156250e-02,-2.016201019287109375e-01,1.045744419097900391e+00,8.312807083129882812e-01,5.746701955795288086e-01,-1.506543159484863281e-02,6.856068968772888184e-01,1.300068348646163940e-01,1.014656066894531250e+00,1.961555480957031250e-01
1.296761035919189453e-01,-9.988689422607421875e-02,1.412131637334823608e-01,4.246634244918823242e-01,-3.115913867950439453e-01,9.976300001144409180e-01,4.809698164463043213e-01,1.034594655036926270e+00,2.786059975624084473e-01,7.374702692031860352e-01,6.237763762474060059e-01,7.059404253959655762e-01,6.711533069610595703e-01,-7.198137044906616211e-02,-1.345426291227340698e-01,1.734921038150787354e-01,1.447818994522094727e+00,8.923620730638504028e-02
-6.451338529586791992e-03,-1.112780719995498657e-02,-6.411615759134292603e-02,5.990013480186462402e-01,-2.809724211692810059e-02,1.113771438598632812e+00,9.982719421386718750e-01,1.191764831542968750e+00,1.030648872256278992e-01,8.761678338050842285e-01,6.463684439659118652e-01,3.871718645095825195e-01,1.565747708082199097e-01,5.186112225055694580e-02,8.557049930095672607e-02,1.470190137624740601e-01,1.173265099525451660e+00,-1.382368057966232300e-02
-1.669476926326751709e-01,1.480679959058761597e-02,-1.098629757761955261e-01,5.565419197082519531e-01,-7.829847931861877441e-02,1.185856103897094727e+00,1.028890252113342285e+00,1.107706904411315918e+00,1.497632265090942383e-01,8.818725347518920898e-01,5.975463390350341797e-01,4.218037724494934082e-01,1.058520972728729248e-01,-1.215722411870956421e-02,1.668043993413448334e-02,9.389279782772064209e-02,1.187566280364990234e+00,-2.818273752927780151e-02
-4.090779274702072144e-02,-1.736508309841156006e-02,-3.575013577938079834e-02,5.546461343765258789e-01,-8.463295549154281616e-02,1.122742056846618652e+00,9.001200795173645020e-01,1.143382549285888672e+00,1.041792631149291992e-01,7.948768138885498047e-01,6.579577326774597168e-01,3.976955115795135498e-01,1.987102031707763672e-01,-1.203238219022750854e-02,7.970541715621948242e-02,9.869342297315597534e-02,1.193600177764892578e+00,2.385867387056350708e-02
-9.997306019067764282e-02,1.823747456073760986e-01,-3.460550308227539062e-02,5.402825474739074707e-01,3.417767584323883057e-02,1.157313942909240723e+00,9.758609533309936523e-01,9.930709600448608398e-01,2.344450652599334717e-01,7.573672533035278320e-01,6.870341897010803223e-01,5.036523342132568359e-01,8.371177315711975098e-02,3.639774769544601440e-02,1.376707106828689575e-01,1.546202898025512695e-01,1.149260878562927246e+00,-2.065252512693405151e-02
6.293341517448425293e-01,7.679030895233154297e-01,-1.447031497955322266e-01,8.775092363357543945e-01,5.828571319580078125e-01,1.101521253585815430e+00,-7.595483213663101196e-02,7.600920200347900391e-01,1.653923392295837402e-01,1.265883743762969971e-01,1.400962114334106445e+00,8.329047560691833496e-01,5.522584319114685059e-01,7.623432278633117676e-01,5.757228732109069824e-01,7.012871503829956055e-01,4.371582865715026855e-01,2.110123634338378906e-01
1.240936875343322754e+00,2.097185552120208740e-01,9.479008316993713379e-01,2.069383114576339722e-01,-5.727058649063110352e-01,1.213194966316223145e+00,-6.555774807929992676e-01,1.944087594747543335e-01,1.521987557411193848e+00,1.084630846977233887e+00,9.479094147682189941e-01,1.886446714401245117e+00,1.419720768928527832e+00,-4.680514335632324219e-01,7.984296679496765137e-01,1.306456029415130615e-01,1.844888687133789062e+00,7.186657190322875977e-01
-3.466001152992248535e-01,-2.189973145723342896e-01,7.830564677715301514e-02,6.283597946166992188e-01,-8.841216564178466797e-02,1.018125772476196289e+00,8.449419140815734863e-01,7.778773903846740723e-01,1.154523193836212158e-01,5.353384017944335938e-01,5.749979019165039062e-01,5.496060252189636230e-01,5.860106647014617920e-02,-1.510822176933288574e-01,6.905131042003631592e-02,6.894938647747039795e-02,1.183056116104125977e+00,6.801796704530715942e-02
-1.604934930801391602e-01,-4.064957052469253540e-02,-9.245090931653976440e-02,5.714794397354125977e-01,-3.156499564647674561e-02,1.013649702072143555e+00,9.067223668098449707e-01,1.021891236305236816e+00,6.977140158414840698e-02,9.280883669853210449e-01,6.767818331718444824e-01,4.939233064651489258e-01,9.472934156656265259e-02,-2.312739938497543335e-02,6.067481264472007751e-02,8.407049626111984253e-02,1.045989155769348145e+00,-9.832572191953659058e-02
-1.464804112911224365e-01,-8.746337890625000000e-02,7.898066192865371704e-03,5.934709906578063965e-01,-1.169153377413749695e-01,1.061804294586181641e+00,8.048014640808105469e-01,1.007410526275634766e+00,1.071999818086624146e-01,8.211002349853515625e-01,7.098191976547241211e-01,5.925866365432739258e-01,2.523416578769683838e-01,-5.788677185773849487e-02,2.956405654549598694e-02,8.847747743129730225e-02,1.156643152236938477e+00,-5.423717200756072998e-03
-1.189275458455085754e-01,-1.475756168365478516e-01,1.452322304248809814e-01,6.239297986030578613e-01,-8.480228483676910400e-02,1.015509724617004395e+00,7.972722649574279785e-01,9.278305172920227051e-01,1.596812009811401367e-01,8.393892049789428711e-01,7.347378730773925781e-01,6.532069444656372070e-01,1.910237073898315430e-01,-3.766120970249176025e-02,1.007250845432281494e-01,1.427920013666152954e-01,1.132796645164489746e+00,3.757484257221221924e-03
-8.828587085008621216e-02,-9.508486837148666382e-02,8.411744236946105957e-02,6.006090641021728516e-01,2.906113862991333008e-02,9.295840859413146973e-01,8.967854976654052734e-01,9.255480766296386719e-01,1.167941391468048096e-01,9.312679767608642578e-01,6.826580166816711426e-01,5.556056499481201172e-01,1.254784129559993744e-02,-2.729465067386627197e-02,1.663408279418945312e-01,1.565963327884674072e-01,1.003927707672119141e+00,-6.779008358716964722e-02
1.471420228481292725e-01,4.335993528366088867e-01,-3.666845262050628662e-01,4.711923003196716309e-01,-1.135592088103294373e-01,1.130237460136413574e+00,-2.331745326519012451e-01,6.888310909271240234e-01,-1.272558867931365967e-01,1.493877768516540527e-01,1.438134193420410156e+00,6.278306245803833008e-01,5.870705246925354004e-01,2.161547541618347168e-01,1.864893436431884766e-01,1.794192045927047729e-01,9.329122900962829590e-01,-2.010922431945800781e-01
2.266709208488464355e-01,6.013290882110595703e-01,-4.808081090450286865e-01,7.063182592391967773e-01,8.869349956512451172e-01,1.086995840072631836e+00,-2.467035651206970215e-01,1.369362711906433105e+00,-5.873388648033142090e-01,6.267060041427612305e-01,1.446220636367797852e+00,8.867530524730682373e-02,6.361774802207946777e-01,4.702299237251281738e-01,2.116634547710418701e-01,-8.212511241436004639e-02,-2.687296867370605469e-01,9.777520298957824707e-01
3.423770517110824585e-02,4.124737977981567383e-01,6.126692518591880798e-02,-4.422917217016220093e-02,6.853165626525878906e-01,5.355978608131408691e-01,1.333793997764587402e-01,1.376898407936096191e+00,1.441066525876522064e-02,5.155295729637145996e-01,7.643756270408630371e-01,2.453389763832092285e-02,1.027254223823547363e+00,3.564610779285430908e-01,-2.366872727870941162e-01,1.601084321737289429e-01,-7.561493664979934692e-02,9.942049980163574219e-01
7.360236644744873047e-01,9.829639196395874023e-01,6.344935894012451172e-01,4.115841090679168701e-01,6.730494499206542969e-01,8.460384607315063477e-01,-2.237946540117263794e-02,1.024614572525024414e+00,5.611996054649353027e-01,4.252924621105194092e-01,6.306677460670471191e-01,5.505686402320861816e-01,6.672118306159973145e-01,5.965053439140319824e-01,4.179120063781738281e-01,-3.609690815210342407e-02,3.439953178167343140e-02,4.800876379013061523e-01
8.319938778877258301e-01,1.188267096877098083e-01,8.328533768653869629e-01,4.403103888034820557e-01,3.640157282352447510e-01,7.299085855484008789e-01,6.335495710372924805e-01,2.815202176570892334e-01,3.303034901618957520e-01,4.642182290554046631e-01,6.272947192192077637e-01,3.453999757766723633e-01,2.217893600463867188e-01,6.989766955375671387e-01,3.233959972858428955e-01,-2.389168888330459595e-01,-4.858423024415969849e-02,2.820667326450347900e-01
6.459389328956604004e-01,4.553627967834472656e-01,5.525823235511779785e-01,5.968200042843818665e-02,2.393754720687866211e-01,3.498331606388092041e-01,8.137758374214172363e-01,2.830933332443237305e-01,4.138384461402893066e-01,2.604619264602661133e-01,6.279162168502807617e-01,4.441381692886352539e-01,-2.911325544118881226e-02,3.370938599109649658e-01,7.172822356224060059e-01,3.433009684085845947e-01,9.518960490822792053e-03,-5.067266225814819336e-01
7.462258934974670410e-01,8.317950963973999023e-01,5.187280774116516113e-01,7.224211096763610840e-01,5.766028165817260742e-01,9.952594637870788574e-01,7.408291101455688477e-01,-1.125203222036361694e-01,2.555284798145294189e-01,6.984456777572631836e-01,5.790808200836181641e-01,9.969621300697326660e-01,6.305108219385147095e-02,5.730736851692199707e-01,7.103614509105682373e-02,-2.800017595291137695e-01,2.612099945545196533e-01,-6.245272606611251831e-02
1.024266242980957031e+00,-4.514233469963073730e-01,8.642494678497314453e-01,8.571746349334716797e-01,3.338591754436492920e-01,3.443943262100219727e-01,5.822194218635559082e-01,7.931371927261352539e-01,1.645064353942871094e-01,3.030252456665039062e-01,7.619691491127014160e-01,4.317625164985656738e-01,7.432888150215148926e-01,1.199294090270996094e+00,2.671641111373901367e-01,-4.360499233007431030e-02,2.605973742902278900e-02,-1.858471035957336426e-01
5.890961885452270508e-01,1.915099024772644043e-01,9.487429261207580566e-01,1.411202922463417053e-02,3.268487751483917236e-01,5.248155593872070312e-01,4.551366269588470459e-01,9.604486823081970215e-01,1.777988076210021973e-01,1.740834861993789673e-01,4.264568388462066650e-01,5.682233572006225586e-01,3.515450358390808105e-01,3.236301243305206299e-01,3.123436272144317627e-01,-4.365020096302032471e-01,-2.083932310342788696e-01,-2.447429299354553223e-01
8.039578199386596680e-01,1.285374879837036133e+00,3.937173187732696533e-01,4.180257618427276611e-01,9.475182294845581055e-01,5.341101288795471191e-01,3.689099103212356567e-02,4.086573719978332520e-01,8.131938576698303223e-01,8.022519350051879883e-01,6.462270617485046387e-01,1.546555310487747192e-01,1.467490196228027344e-01,8.707492947578430176e-01,3.438189327716827393e-01,-2.685631625354290009e-02,6.693454384803771973e-01,1.779047250747680664e-01
3.874804079532623291e-01,3.098909854888916016e-01,7.771320343017578125e-01,1.064407825469970703e+00,4.062631428241729736e-01,-3.779088854789733887e-01,-2.238375693559646606e-02,6.090401411056518555e-01,1.122761487960815430e+00,8.134642243385314941e-01,-8.062639832496643066e-02,7.794432044029235840e-01,9.075767993927001953e-01,2.646634876728057861e-01,7.319033145904541016e-01,1.502383351325988770e+00,-1.912518441677093506e-01,5.674820542335510254e-01
6.873528957366943359e-01,-1.400289684534072876e-02,1.199699759483337402e+00,2.867466509342193604e-01,5.920676887035369873e-02,3.454092144966125488e-01,-2.178093045949935913e-02,8.878130316734313965e-01,8.348839879035949707e-01,2.910857796669006348e-01,2.341426908969879150e-02,9.503747820854187012e-01,3.691483139991760254e-01,3.216883838176727295e-01,7.339305877685546875e-01,2.725073099136352539e-01,-5.157412886619567871e-01,-3.185230195522308350e-01
1.071190834045410156e+00,2.815707027912139893e-01,5.186883807182312012e-01,-1.766874790191650391e-01,4.710631668567657471e-01,9.144463539123535156e-01,-2.612101286649703979e-02,8.931584954261779785e-01,5.685492753982543945e-01,1.519659459590911865e-01,3.126515448093414307e-01,9.887400269508361816e-01,4.849065095186233521e-02,2.310754656791687012e-01,4.202781021595001221e-01,7.997834682464599609e-01,-3.060317039489746094e-01,-7.894682139158248901e-02
8.979918956756591797e-01,2.864306420087814331e-02,6.389383077621459961e-01,-3.171642124652862549e-01,5.219177007675170898e-01,1.095102548599243164e+00,1.117742508649826050e-01,3.140702843666076660e-01,8.445086479187011719e-01,8.283478617668151855e-01,3.057735562324523926e-01,-1.651578545570373535e-01,-4.389209747314453125e-01,7.236819863319396973e-01,2.273225784301757812e-02,1.934419013559818268e-02,7.943326979875564575e-02,3.576100468635559082e-01
2.744296193122863770e-01,1.063152775168418884e-01,6.255664825439453125e-01,1.353040784597396851e-01,5.528658628463745117e-01,6.619534492492675781e-01,2.901077866554260254e-01,9.521974921226501465e-01,4.647699892520904541e-01,6.386396884918212891e-01,6.424652338027954102e-01,9.477210640907287598e-01,4.486242830753326416e-01,7.856151461601257324e-01,-1.233508884906768799e-01,-6.846793740987777710e-02,-2.466446906328201294e-01,-2.865840792655944824e-01
1.150851726531982422e+00,8.267926424741744995e-02,-7.190466672182083130e-02,2.827671468257904053e-01,4.608222842216491699e-02,7.204035520553588867e-01,1.199697852134704590e+00,1.041675806045532227e+00,2.000661492347717285e-01,-3.072883188724517822e-01,2.653818428516387939e-01,-2.633987069129943848e-01,1.071491122245788574e+00,6.236231923103332520e-01,3.600353598594665527e-01,7.475547790527343750e-01,-2.407757490873336792e-01,8.392874598503112793e-01
6.413335204124450684e-01,6.762689352035522461e-01,3.859983980655670166e-01,1.029645085334777832e+00,5.703877210617065430e-01,6.987951397895812988e-01,8.850647211074829102e-01,2.954488396644592285e-01,3.739779889583587646e-01,4.418846964836120605e-01,-3.393124639987945557e-01,7.938042283058166504e-02,3.256428837776184082e-01,6.005886793136596680e-01,-9.708976745605468750e-02,-1.786691248416900635e-01,4.213812947273254395e-01,4.727717638015747070e-01
-5.304813385009765625e-05,6.346752643585205078e-01,4.988865554332733154e-01,5.265253782272338867e-01,8.188358545303344727e-01,3.789400458335876465e-01,9.001332521438598633e-01,-2.252329289913177490e-01,6.997520327568054199e-01,1.234180688858032227e+00,5.718318223953247070e-01,4.434842467308044434e-01,2.724950611591339111e-01,5.025439858436584473e-01,-3.261037543416023254e-02,6.292201280593872070e-01,3.185775876045227051e-01,1.073226571083068848e+00
2.232187986373901367e-01,4.394526481628417969e-01,7.876198887825012207e-01,-4.423126578330993652e-01,4.504052698612213135e-01,-3.603681921958923340e-02,6.680860519409179688e-01,4.003189504146575928e-01,3.948436975479125977e-01,1.033369064331054688e+00,6.031691431999206543e-01,5.969241261482238770e-01,9.970465898513793945e-01,1.966625452041625977e-03,-2.840106487274169922e-01,1.827342621982097626e-02,1.591422408819198608e-01,6.538167595863342285e-01
2.180979847908020020e-01,2.013931274414062500e-01,7.383981943130493164e-01,-2.444195002317428589e-01,4.747210443019866943e-01,2.335223257541656494e-01,4.613859355449676514e-01,8.992300033569335938e-01,1.052572578191757202e-01,2.106174826622009277e-01,4.513117074966430664e-01,4.599782824516296387e-01,6.020027995109558105e-01,2.743783891201019287e-01,-1.689631044864654541e-01,-1.825949400663375854e-01,-7.301322370767593384e-02,-7.273148745298385620e-02
-4.785588383674621582e-01,5.972495079040527344e-01,9.861525893211364746e-02,8.012238144874572754e-01,9.781609773635864258e-01,9.183408617973327637e-01,1.054405093193054199e+00,4.739269614219665527e-01,9.163927435874938965e-01,1.139235138893127441e+00,2.665836215019226074e-01,6.262864470481872559e-01,3.479554951190948486e-01,7.368734478950500488e-01,-2.299223840236663818e-01,9.961443543434143066e-01,-1.012581661343574524e-01,1.239799141883850098e+00
-6.385473012924194336e-01,8.955291509628295898e-01,7.039982080459594727e-01,3.096346557140350342e-01,9.208595752716064453e-01,7.453314960002899170e-02,4.493866264820098877e-01,1.224754095077514648e+00,6.252648830413818359e-01,-2.486097067594528198e-02,2.501159906387329102e-04,4.765655994415283203e-01,4.691044986248016357e-01,5.015421509742736816e-01,4.440305382013320923e-02,2.521993219852447510e-01,-4.724144190549850464e-02,-1.568090170621871948e-02
1.979609727859497070e-01,1.018212437629699707e+00,2.506372332572937012e-01,4.217774569988250732e-01,1.185343265533447266e+00,8.438922762870788574e-01,5.943974852561950684e-01,7.168837189674377441e-01,6.965680718421936035e-01,1.172438979148864746e+00,5.557346343994140625e-01,3.239593207836151123e-01,8.679215908050537109e-01,4.892933368682861328e-01,-2.157669216394424438e-01,7.694580554962158203e-01,1.498163491487503052e-01,1.914575338363647461e+00
1.798733323812484741e-02,5.623108893632888794e-02,7.524728178977966309e-01,-5.300645828247070312e-01,7.970329523086547852e-01,2.289633750915527344e-01,4.930669665336608887e-01,4.466437697410583496e-01,-2.405945509672164917e-01,3.523065447807312012e-01,6.901677250862121582e-01,2.922992110252380371e-01,2.990978658199310303e-01,-4.326537847518920898e-01,-2.708471715450286865e-01,4.388923346996307373e-01,1.785188317298889160e-01,1.029649138450622559e+00
5.818434357643127441e-01,4.465174078941345215e-01,6.546629667282104492e-01,4.548452496528625488e-01,1.172818064689636230e+00,-1.793283671140670776e-01,1.899611204862594604e-01,1.155699416995048523e-01,-2.953775227069854736e-01,5.351175069808959961e-01,4.799902141094207764e-01,4.059520363807678223e-01,-2.451490983366966248e-02,6.918826699256896973e-02,-1.424562633037567139e-01,2.140286415815353394e-01,6.140840649604797363e-01,1.934763789176940918e-01
4.960980713367462158e-01,5.074159055948257446e-02,1.158596754074096680e+00,9.526008963584899902e-01,8.050628900527954102e-01,-4.943217337131500244e-02,8.267818093299865723e-01,3.747340142726898193e-01,-2.227596007287502289e-02,6.880064606666564941e-01,9.643842279911041260e-02,5.407593250274658203e-01,6.336525678634643555e-01,-3.317115828394889832e-02,9.500332176685333252e-02,3.683951795101165771e-01,1.787469983100891113e-01,1.077098608016967773e+00
-3.090558350086212158e-01,2.616773843765258789e-01,8.041170239448547363e-01,3.362680673599243164e-01,7.677661180496215820e-01,-4.844120740890502930e-01,6.874085664749145508e-01,4.766140282154083252e-01,7.353687286376953125e-02,1.602736860513687134e-02,9.201688319444656372e-02,6.254196166992187500e-01,5.130696892738342285e-01,3.817213326692581177e-02,-2.180484831333160400e-01,5.683422684669494629e-01,4.021356403827667236e-01,-6.294600665569305420e-03
6.874307990074157715e-01,2.027331888675689697e-01,2.439428269863128662e-01,8.387992382049560547e-01,1.192822456359863281e+00,2.411586642265319824e-01,-1.541286408901214600e-01,7.047753334045410156e-01,-8.705791831016540527e-02,4.313097298145294189e-01,5.085877180099487305e-01,8.354927301406860352e-01,1.935574412345886230e-01,7.284623384475708008e-01,-2.412896156311035156e-01,6.776338219642639160e-01,9.516825526952743530e-02,-1.511540412902832031e-01
6.874483823776245117e-01,-1.489121317863464355e-01,7.445180416107177734e-01,3.894467651844024658e-01,6.662244796752929688e-01,7.442601323127746582e-01,5.610956549644470215e-01,4.481036067008972168e-01,3.447911441326141357e-01,6.899043917655944824e-01,7.782415747642517090e-01,1.083573698997497559e-01,1.783508807420730591e-01,1.117757558822631836e+00,-1.187729388475418091e-01,-2.064060568809509277e-01,1.075759008526802063e-01,2.020055651664733887e-01
5.650262832641601562e-01,-4.642155021429061890e-02,8.325482606887817383e-01,9.786686301231384277e-01,4.314533770084381104e-01,1.604601740837097168e-01,4.168338179588317871e-01,1.047228693962097168e+00,6.305775642395019531e-01,8.468456864356994629e-01,5.857288837432861328e-01,4.083918631076812744e-01,1.105756044387817383e+00,1.056670188903808594e+00,3.821385800838470459e-01,2.761484980583190918e-01,-1.139215305447578430e-01,3.813685178756713867e-01
-8.094006031751632690e-02,2.774279117584228516e-01,8.798643201589584351e-02,5.459942817687988281e-01,3.629057705402374268e-01,3.661700487136840820e-01,9.509785175323486328e-01,9.387802481651306152e-01,1.988603621721267700e-01,-2.091434299945831299e-01,-1.313297450542449951e-01,-1.504609584808349609e-01,4.746920764446258545e-01,5.114579796791076660e-01,1.225809194147586823e-02,2.910706400871276855e-01,-1.294230818748474121e-01,1.668626070022583008e-01
6.609262228012084961e-01,9.335280656814575195e-01,-2.851313054561614990e-01,9.155622124671936035e-01,8.176847696304321289e-01,7.749345898628234863e-01,1.368061453104019165e-01,6.675176620483398438e-01,4.332225024700164795e-01,6.023636460304260254e-01,-2.027958631515502930e-01,-7.268444448709487915e-02,2.173482179641723633e-01,5.155030488967895508e-01,1.148435845971107483e-02,5.292603373527526855e-01,2.772156596183776855e-01,6.496086120605468750e-01
3.643105030059814453e-01,-1.802034378051757812e-01,5.747738480567932129e-01,8.898861408233642578e-01,6.459106206893920898e-01,-3.396997451782226562e-01,4.462344944477081299e-01,1.069781258702278137e-01,4.668983221054077148e-01,1.122299194335937500e+00,6.438149809837341309e-01,6.604533195495605469e-01,8.607949018478393555e-01,5.428370237350463867e-01,4.863481596112251282e-02,1.073447108268737793e+00,8.960082381963729858e-02,6.003252863883972168e-01
5.174805968999862671e-02,6.167184114456176758e-01,7.433441281318664551e-02,-9.847842454910278320e-01,2.404888868331909180e-01,4.425782561302185059e-01,1.731086522340774536e-02,2.606109529733657837e-02,5.035067200660705566e-01,3.763934075832366943e-01,6.428475975990295410e-01,6.230096220970153809e-01,-7.804398983716964722e-02,-2.337087839841842651e-01,-8.957545459270477295e-02,6.655271649360656738e-01,-1.099484339356422424e-01,-2.142305970191955566e-01
1.006549119949340820e+00,3.086291849613189697e-01,4.304016828536987305e-01,3.829427659511566162e-01,9.237277507781982422e-01,2.433730214834213257e-01,-1.311299949884414673e-02,4.973375499248504639e-01,-1.249264478683471680e-01,3.501431941986083984e-01,2.014531940221786499e-01,8.514773845672607422e-01,-6.441835314035415649e-02,-2.446284592151641846e-01,2.942607104778289795e-01,1.013417601585388184e+00,-3.762532025575637817e-02,3.405452966690063477e-01
7.235356569290161133e-01,6.818155646324157715e-01,5.509133934974670410e-01,5.892146229743957520e-01,6.796487569808959961e-01,3.514794409275054932e-01,2.361740767955780029e-01,-2.781262993812561035e-01,6.967889070510864258e-01,6.544445753097534180e-01,5.521326512098312378e-02,5.847591161727905273e-01,3.514042496681213379e-02,4.696869254112243652e-01,-3.372142463922500610e-02,4.917233288288116455e-01,5.790083408355712891e-01,1.441764831542968750e-01
9.562683701515197754e-01,-5.626116394996643066e-01,2.821524739265441895e-01,7.747386693954467773e-01,4.831220805644989014e-01,1.572441607713699341e-01,1.212137341499328613e+00,-1.002578902989625931e-02,-1.080775409936904907e-01,1.681842356920242310e-01,8.066297173500061035e-01,1.931938529014587402e-01,5.868373513221740723e-01,6.124026775360107422e-01,1.738880276679992676e-01,1.487220048904418945e+00,3.551093488931655884e-02,7.614306211471557617e-01
8.363283276557922363e-01,3.291919231414794922e-01,8.620396256446838379e-01,-5.390676110982894897e-02,9.285653829574584961e-01,6.489733457565307617e-01,4.348295331001281738e-01,5.752024650573730469e-01,-3.406820595264434814e-01,3.682530522346496582e-01,1.219775080680847168e-01,6.310449838638305664e-01,-2.264652103185653687e-01,-3.449625968933105469e-01,-1.083770692348480225e-01,-1.720774918794631958e-01,2.066353708505630493e-01,3.365368843078613281e-01
8.096315860748291016e-01,8.651033043861389160e-01,7.915072441101074219e-01,3.623024225234985352e-01,8.947958946228027344e-01,9.075122475624084473e-01,4.294478893280029297e-01,1.804537028074264526e-01,1.146247312426567078e-01,2.338368892669677734e-01,2.960330247879028320e-01,5.370442867279052734e-01,-3.605608642101287842e-01,1.433838158845901489e-01,3.076997995376586914e-01,-2.239915132522583008e-01,6.051273643970489502e-02,3.755556344985961914e-01
-2.989699542522430420e-01,6.688441634178161621e-01,7.885873913764953613e-01,6.327099204063415527e-01,7.543306350708007812e-01,1.399186998605728149e-01,1.141705274581909180e+00,4.364486038684844971e-01,3.616295158863067627e-01,5.561539530754089355e-01,4.091176390647888184e-01,6.473462581634521484e-01,6.416343450546264648e-01,-8.700183033943176270e-02,3.076150119304656982e-01,7.564787864685058594e-01,9.616435319185256958e-02,1.089882254600524902e+00
1.012141332030296326e-01,6.872465610504150391e-01,1.053758412599563599e-01,4.994766116142272949e-01,6.524908542633056641e-01,1.693854480981826782e-01,1.160774827003479004e+00,5.090724229812622070e-01,-2.542548775672912598e-01,-1.481681410223245621e-02,2.427679002285003662e-01,1.732469201087951660e-01,6.907525658607482910e-01,3.658861666917800903e-02,-1.927909702062606812e-01,2.910195291042327881e-01,4.022159576416015625e-01,4.596095085144042969e-01
6.680549979209899902e-01,1.019507884979248047e+00,-5.779876559972763062e-02,7.057538032531738281e-01,1.150832056999206543e+00,7.094841599464416504e-01,5.993131399154663086e-01,6.790173053741455078e-02,-9.213712066411972046e-03,8.179785609245300293e-01,4.764446616172790527e-01,3.759619593620300293e-02,-2.093492895364761353e-01,4.711295962333679199e-01,-6.198391690850257874e-02,9.855265915393829346e-02,5.449606776237487793e-01,5.405980348587036133e-01
5.760607123374938965e-01,2.819944024085998535e-01,5.815482139587402344e-02,6.013947725296020508e-01,4.985272586345672607e-01,3.373609185218811035e-01,1.214261651039123535e+00,-1.876589208841323853e-01,-9.768165647983551025e-02,9.778742790222167969e-01,1.173453480005264282e-01,1.018356800079345703e+00,4.559063613414764404e-01,-7.924556732177734375e-02,-3.547403216361999512e-01,5.436404347419738770e-01,-6.413985043764114380e-02,4.230428934097290039e-01
2.037965357303619385e-01,8.284456729888916016e-01,1.163861304521560669e-01,8.565239608287811279e-02,8.642425537109375000e-01,-4.016544818878173828e-01,2.735783457756042480e-01,1.576141268014907837e-01,-9.018306434154510498e-02,4.739293456077575684e-01,1.293533802032470703e+00,1.997487545013427734e-01,1.045695319771766663e-01,1.894378960132598877e-01,5.314924716949462891e-01,7.370556592941284180e-01,4.453443735837936401e-02,-2.272300720214843750e-01
8.647789955139160156e-01,8.671543598175048828e-01,-3.384759128093719482e-01,8.543788790702819824e-01,8.127009868621826172e-01,-1.811210960149765015e-01,7.913945615291595459e-02,-1.678857654333114624e-01,-1.297562718391418457e-01,1.161048173904418945e+00,3.485848009586334229e-01,-5.046181082725524902e-01,1.580872088670730591e-01,5.050372481346130371e-01,-1.671434342861175537e-01,-1.352445334196090698e-01,9.340651631355285645e-01,8.146501332521438599e-02
3.127717971801757812e-01,6.134328842163085938e-01,1.245452314615249634e-01,8.046249151229858398e-01,8.948215246200561523e-01,2.675547599792480469e-01,4.969236850738525391e-01,5.522799491882324219e-01,-9.587889164686203003e-02,1.272335052490234375e+00,2.455184608697891235e-01,7.766718268394470215e-01,7.690137624740600586e-01,1.089810580015182495e-02,-3.398458957672119141e-01,3.973992466926574707e-01,-6.544599309563636780e-03,8.588691353797912598e-01
1.321241259574890137e-01,3.629196286201477051e-01,1.252484619617462158e-01,-1.854079216718673706e-01,4.293591678142547607e-01,-2.222189754247665405e-01,8.376553058624267578e-01,-2.713762223720550537e-01,3.217605501413345337e-02,4.886267185211181641e-01,7.372170686721801758e-01,1.494556665420532227e-01,-4.067324846982955933e-02,3.056004643440246582e-02,9.091438353061676025e-02,5.962186455726623535e-01,2.627695500850677490e-01,-2.611613273620605469e-01
5.251539945602416992e-01,4.431670904159545898e-01,5.836984515190124512e-01,8.544951081275939941e-01,1.006264328956604004e+00,1.114800572395324707e-03,3.620212674140930176e-01,2.465285956859588623e-01,-2.213976234197616577e-01,1.006869196891784668e+00,7.055796384811401367e-01,6.017659902572631836e-01,4.261014759540557861e-01,3.717401027679443359e-01,-4.920295253396034241e-02,2.382987551391124725e-02,3.345138728618621826e-01,4.522608518600463867e-01
1.033821463584899902e+00,-1.592261046171188354e-01,2.229276895523071289e-01,9.359833002090454102e-01,5.654112100601196289e-01,4.182926416397094727e-01,7.144178152084350586e-01,3.983257412910461426e-01,-8.805169165134429932e-02,3.023904561996459961e-01,5.172407031059265137e-01,1.068068742752075195e+00,9.608847498893737793e-01,8.146961331367492676e-01,-2.954480350017547607e-01,7.515265941619873047e-01,-1.410624235868453979e-01,1.897811889648437500e-01
9.207621812820434570e-01,1.493686735630035400e-01,4.550475776195526123e-01,1.079199016094207764e-01,1.285662174224853516e+00,7.770825624465942383e-01,1.824191957712173462e-02,8.376759886741638184e-01,-1.835704147815704346e-01,3.375721871852874756e-01,7.491095662117004395e-01,8.721083998680114746e-01,-9.912696480751037598e-02,1.155636459589004517e-01,3.500799834728240967e-02,1.103192687034606934e+00,-2.173116616904735565e-02,6.673305034637451172e-01
3.813567757606506348e-01,2.299607396125793457e-01,3.312441110610961914e-01,4.223197102546691895e-01,1.010732054710388184e+00,5.103229284286499023e-01,7.406520247459411621e-01,-3.172239959239959717e-01,-1.531821638345718384e-01,8.827396631240844727e-01,8.890402913093566895e-01,3.211181163787841797e-01,-3.929468691349029541e-01,5.174608826637268066e-01,-2.392669022083282471e-01,1.902255564928054810e-01,2.650852203369140625e-01,2.418855428695678711e-01
3.141473978757858276e-02,1.394529342651367188e-01,-1.047182455658912659e-01,1.723252087831497192e-01,8.078265190124511719e-01,3.284012079238891602e-01,4.799140989780426025e-01,3.185761570930480957e-01,-7.757496833801269531e-01,3.769909143447875977e-01,1.250080823898315430e+00,5.411310791969299316e-01,1.982221454381942749e-01,9.426882863044738770e-02,-2.104452103376388550e-01,3.286808729171752930e-01,-2.479587644338607788e-01,2.716743946075439453e-01
1.031310796737670898e+00,-1.165544688701629639e-01,2.767850458621978760e-01,5.987619757652282715e-01,7.736750841140747070e-01,1.119388580322265625e+00,4.836902320384979248e-01,6.250818967819213867e-01,-9.577772021293640137e-02,3.379446268081665039e-01,7.843334674835205078e-01,1.613166928291320801e-01,2.474604696035385132e-01,9.845799803733825684e-01,-1.684782654047012329e-01,1.675868183374404907e-01,5.015728622674942017e-02,5.356692671775817871e-01
3.809021413326263428e-01,6.948245763778686523e-01,3.364166319370269775e-01,7.157335281372070312e-01,7.030867338180541992e-01,1.113350272178649902e+00,6.029154658317565918e-01,6.450958847999572754e-01,6.486214995384216309e-01,7.007633447647094727e-01,1.001235723495483398e+00,4.491328597068786621e-01,4.880681931972503662e-01,1.098104238510131836e+00,2.768959701061248779e-01,1.303156912326812744e-01,1.697690933942794800e-01,6.407777070999145508e-01
4.679915308952331543e-01,6.225323677062988281e-01,5.621643066406250000e-01,1.974424421787261963e-01,4.657861292362213135e-01,1.227401971817016602e+00,7.465788125991821289e-01,7.798761129379272461e-01,9.888730198144912720e-02,3.762401342391967773e-01,1.102627038955688477e+00,9.302905201911926270e-01,3.520475625991821289e-01,2.107504904270172119e-01,3.233943581581115723e-01,8.501545339822769165e-02,5.492636561393737793e-01,3.967403769493103027e-01
6.424926221370697021e-02,2.440187036991119385e-01,2.923445105552673340e-01,5.043865442276000977e-01,6.525512039661407471e-02,1.351187586784362793e+00,7.797405123710632324e-01,8.944481611251831055e-01,2.956520915031433105e-01,5.965396761894226074e-01,9.272446632385253906e-01,8.878185153007507324e-01,2.363820075988769531e-01,1.075328439474105835e-01,1.587760895490646362e-01,2.042147666215896606e-01,1.066270112991333008e+00,1.344471573829650879e-01
-2.232059836387634277e-01,-2.726168930530548096e-02,1.278472840785980225e-01,6.017763018608093262e-01,-6.865844130516052246e-02,1.123407006263732910e+00,8.293847441673278809e-01,8.957666158676147461e-01,2.405711263418197632e-01,7.742143273353576660e-01,6.826843619346618652e-01,7.414979934692382812e-01,1.837460994720458984e-01,-3.790809959173202515e-02,2.469409629702568054e-02,1.334514468908309937e-01,1.186720252037048340e+00,-1.372676342725753784e-02
-1.850533187389373779e-01,-5.161307752132415771e-03,-2.691609784960746765e-02,4.621410369873046875e-01,-1.292757242918014526e-01,1.131277203559875488e+00,8.157258033752441406e-01,9.602463841438293457e-01,1.564913243055343628e-01,7.837302088737487793e-01,6.528341770172119141e-01,4.620950222015380859e-01,1.015512868762016296e-01,-1.195640414953231812e-01,8.599814772605895996e-02,2.935451269149780273e-02,1.106753706932067871e+00,1.938141137361526489e-02
-2.844128012657165527e-01,-2.179642319679260254e-01,2.069205641746520996e-01,5.074161291122436523e-01,-2.176950871944427490e-01,9.874785542488098145e-01,6.372507810592651367e-01,6.393445134162902832e-01,2.000855505466461182e-01,5.264124870300292969e-01,6.629431247711181641e-01,5.403831601142883301e-01,5.299774557352066040e-02,-2.719510197639465332e-01,2.244410812854766846e-01,4.481125622987747192e-02,1.144176006317138672e+00,1.439978480339050293e-01
9.001646935939788818e-02,-4.006599187850952148e-01,5.713827013969421387e-01,9.309442043304443359e-01,2.136011719703674316e-01,9.035506248474121094e-01,5.912040472030639648e-01,8.704671263694763184e-01,3.961207270622253418e-01,9.215700030326843262e-01,9.205060005187988281e-01,1.117366075515747070e+00,6.249334663152694702e-02,2.110327780246734619e-02,3.738757371902465820e-01,6.572790145874023438e-01,1.152835607528686523e+00,2.694165110588073730e-01
7.390898466110229492e-01,3.805091679096221924e-01,1.170639395713806152e-01,7.192261219024658203e-01,3.264819681644439697e-01,8.115311264991760254e-01,1.701553165912628174e-02,1.041648864746093750e+00,1.145323961973190308e-01,6.812962293624877930e-01,1.302761554718017578e+00,7.546032071113586426e-01,3.760686218738555908e-01,4.066981077194213867e-01,8.714947104454040527e-01,7.150250673294067383e-01,2.867819666862487793e-01,9.477967768907546997e-02
4.659142196178436279e-01,6.698682308197021484e-01,7.091357558965682983e-02,5.320988893508911133e-01,-1.905367523431777954e-01,8.777312636375427246e-01,3.893935978412628174e-01,1.280726939439773560e-01,-2.417323924601078033e-02,1.472790092229843140e-01,1.227647781372070312e+00,8.634172081947326660e-01,5.481619834899902344e-01,-1.074443310499191284e-01,6.581504344940185547e-01,4.808770492672920227e-02,7.569872140884399414e-01,1.731427907943725586e-01
-3.529694676399230957e-01,1.966764628887176514e-01,-3.010239601135253906e-01,1.352702081203460693e-01,-2.384600043296813965e-01,1.082358717918395996e+00,7.818440198898315430e-01,3.328281342983245850e-01,9.340219944715499878e-02,9.284111857414245605e-01,5.691335201263427734e-01,5.361768007278442383e-01,-2.505555152893066406e-01,-5.925679206848144531e-01,2.757880091667175293e-02,-6.365541368722915649e-02,7.435665130615234375e-01,-8.355843275785446167e-02
-3.983243107795715332e-01,3.790652006864547729e-02,-2.278546094894409180e-01,2.340001910924911499e-01,-3.035509586334228516e-01,1.021295666694641113e+00,8.816883563995361328e-01,4.618570208549499512e-01,2.084136158227920532e-01,1.029649972915649414e+00,4.586764574050903320e-01,3.285655081272125244e-01,-3.430381119251251221e-01,-4.915593564510345459e-01,9.722182154655456543e-02,-3.853205591440200806e-02,8.393346071243286133e-01,-1.627901792526245117e-01
-2.436184287071228027e-01,-1.477659344673156738e-01,-1.669466793537139893e-01,4.683005809783935547e-01,-1.897168308496475220e-01,1.054567098617553711e+00,8.359502553939819336e-01,8.195161223411560059e-01,2.348874956369400024e-01,1.003902077674865723e+00,4.654982984066009521e-01,4.686179757118225098e-01,-1.500647068023681641e-01,-2.610949873924255371e-01,5.303579196333885193e-02,1.363066136837005615e-01,9.536589980125427246e-01,-1.457827091217041016e-01
-2.756497859954833984e-01,-1.468243002891540527e-01,-1.425110995769500732e-01,4.678617119789123535e-01,-1.997281759977340698e-01,1.048520326614379883e+00,9.519865512847900391e-01,8.093404769897460938e-01,2.989453673362731934e-01,1.069744229316711426e+00,4.172838330268859863e-01,4.431344270706176758e-01,-1.606152653694152832e-01,-1.938881874084472656e-01,4.015696421265602112e-02,1.866322308778762817e-01,9.207780361175537109e-01,-1.665342450141906738e-01
-2.519582808017730713e-01,-1.442010551691055298e-01,-1.971478760242462158e-01,4.656476974487304688e-01,-1.319247931241989136e-01,1.051816821098327637e+00,6.710832118988037109e-01,7.693782448768615723e-01,1.522643566131591797e-01,9.074235558509826660e-01,4.964888095855712891e-01,4.238090515136718750e-01,-2.667035460472106934e-01,-3.829721510410308838e-01,1.072825044393539429e-01,2.306211926043033600e-02,9.680533409118652344e-01,-6.839971989393234253e-02
-2.653128504753112793e-01,3.834500908851623535e-01,-3.699508607387542725e-01,3.526646196842193604e-01,-2.441765367984771729e-01,9.266465902328491211e-01,-1.441121995449066162e-01,6.114118173718452454e-02,1.073823273181915283e-01,-1.201538071036338806e-01,8.262335062026977539e-01,6.839194297790527344e-01,8.765711635351181030e-02,-6.873350143432617188e-01,3.476712107658386230e-01,-3.346963971853256226e-02,9.541552662849426270e-01,1.110754087567329407e-01
6.063595414161682129e-01,1.186533331871032715e+00,-6.413809061050415039e-01,6.192985922098159790e-03,-5.462220907211303711e-01,7.954016923904418945e-01,6.713189482688903809e-01,1.047109842300415039e+00,-3.028787076473236084e-01,9.697939753532409668e-01,7.948939800262451172e-01,-3.407187461853027344e-01,5.619940757751464844e-01,-5.700585246086120605e-01,8.269444704055786133e-01,5.887471139430999756e-03,2.910273335874080658e-02,3.679968118667602539e-01
6.224681735038757324e-01,1.137505412101745605e+00,-5.331452488899230957e-01,1.114817619323730469e+00,1.258597254753112793e+00,5.729427337646484375e-01,-5.913644433021545410e-01,6.563752889633178711e-01,-4.800110757350921631e-01,8.887817859649658203e-01,1.099164962768554688e+00,-7.042658329010009766e-02,-1.109952256083488464e-01,2.909392118453979492e-02,7.518466114997863770e-01,6.096194386482238770e-01,-2.498925477266311646e-01,1.061523675918579102e+00
4.082503318786621094e-01,1.209046363830566406e+00,-5.193087458610534668e-01,7.148845791816711426e-01,4.509081542491912842e-01,9.070954322814941406e-01,-3.313703089952468872e-02,5.025480985641479492e-01,6.428059339523315430e-01,1.054415345191955566e+00,4.543356299400329590e-01,3.538504242897033691e-04,5.917963981628417969e-01,6.030938625335693359e-01,2.939147353172302246e-01,3.123110830783843994e-01,-2.409316450357437134e-01,9.319565296173095703e-01
1.013926416635513306e-01,7.832264900207519531e-01,4.372069537639617920e-01,-3.858897089958190918e-01,5.610756874084472656e-01,5.836204886436462402e-01,3.939693421125411987e-02,1.178560614585876465e+00,4.101328551769256592e-01,6.088177561759948730e-01,5.154924392700195312e-01,4.917935729026794434e-01,5.766605138778686523e-01,1.259472221136093140e-02,1.741563826799392700e-01,1.012494117021560669e-01,-2.902071177959442139e-01,5.335019826889038086e-01
-5.710355937480926514e-03,1.029126524925231934e+00,5.052513480186462402e-01,5.004499554634094238e-01,1.149567723274230957e+00,6.605715751647949219e-01,2.536473274230957031e-01,1.085095405578613281e+00,5.076804757118225098e-01,4.471532106399536133e-01,3.151179254055023193e-01,3.682492077350616455e-01,1.826885938644409180e-01,5.199459195137023926e-01,2.555689215660095215e-01,1.658391803503036499e-01,-7.547038793563842773e-02,6.726896762847900391e-01
3.909508287906646729e-01,5.741164088249206543e-01,5.529650449752807617e-01,1.008490443229675293e+00,6.032420396804809570e-01,2.826983630657196045e-01,6.332820653915405273e-01,2.024048715829849243e-01,6.092385649681091309e-01,7.736476063728332520e-01,-5.195972919464111328e-01,2.671676576137542725e-01,1.504918336868286133e-01,3.497320711612701416e-01,7.022261619567871094e-02,2.026469558477401733e-01,2.984574437141418457e-01,4.368582367897033691e-01
-4.025310277938842773e-03,8.189861774444580078e-01,5.844420790672302246e-01,-4.399246349930763245e-02,5.779577493667602539e-01,-1.696730703115463257e-01,1.131236076354980469e+00,3.816982507705688477e-01,3.494097292423248291e-01,3.892022073268890381e-01,7.626925706863403320e-01,-3.027766942977905273e-01,5.109453201293945312e-01,-3.687292337417602539e-04,5.413109660148620605e-01,7.795668244361877441e-01,3.643033206462860107e-01,8.058108687400817871e-01
6.159490942955017090e-01,5.275573730468750000e-01,1.644376516342163086e+00,-2.917550504207611084e-03,8.258494138717651367e-01,2.325809895992279053e-01,3.788141012191772461e-01,3.930165171623229980e-01,4.010621011257171631e-01,6.840582489967346191e-01,4.342072308063507080e-01,5.545473694801330566e-01,1.048689037561416626e-01,-1.313491314649581909e-01,5.011225342750549316e-01,-2.242268621921539307e-01,3.089359998703002930e-01,7.679673433303833008e-01
6.970816850662231445e-01,2.424617409706115723e-01,2.861467003822326660e-01,9.062124490737915039e-01,7.906346321105957031e-01,2.246585339307785034e-01,4.968501627445220947e-01,-1.572151929140090942e-01,1.065000072121620178e-01,9.598397016525268555e-01,4.647468030452728271e-01,7.761842608451843262e-01,4.057843983173370361e-02,4.952896833419799805e-01,1.115226186811923981e-02,7.093226909637451172e-01,-2.435354329645633698e-02,4.840303212404251099e-02
3.691494166851043701e-01,1.095415428280830383e-01,6.293417811393737793e-01,5.646916627883911133e-01,2.309971749782562256e-01,3.387245833873748779e-01,8.565885424613952637e-01,3.489578366279602051e-01,4.356943964958190918e-01,-1.209983453154563904e-01,-1.531727612018585205e-01,7.191795110702514648e-01,5.133174061775207520e-01,5.098792910575866699e-01,2.016265541315078735e-01,4.153165817260742188e-01,-3.170622885227203369e-02,-1.964114308357238770e-01
4.078120589256286621e-01,5.978140234947204590e-01,9.495080709457397461e-01,6.849935650825500488e-02,8.590128421783447266e-01,4.568375945091247559e-01,6.039280295372009277e-01,9.194890856742858887e-01,8.240038901567459106e-02,-1.842296123504638672e-01,6.521552801132202148e-03,6.728545427322387695e-01,1.031453460454940796e-01,-3.917345404624938965e-01,3.337294757366180420e-01,5.329968929290771484e-01,1.291656792163848877e-01,5.482187867164611816e-01
5.320788621902465820e-01,4.751137495040893555e-01,7.959950566291809082e-01,5.011589527130126953e-01,1.036235332489013672e+00,8.308305740356445312e-01,8.077928423881530762e-01,6.332700699567794800e-02,8.760579675436019897e-02,5.007284283638000488e-01,5.567649006843566895e-01,3.716077208518981934e-01,-3.715847134590148926e-01,5.771945714950561523e-01,1.529576722532510757e-02,-2.094065696001052856e-01,2.240156978368759155e-01,3.903865814208984375e-01
9.095925092697143555e-01,4.297719001770019531e-01,6.637290716171264648e-01,5.902835726737976074e-01,5.186746120452880859e-01,8.175418376922607422e-01,9.631835818290710449e-01,1.955547034740447998e-01,1.810660064220428467e-01,9.011825919151306152e-01,4.293602108955383301e-01,8.394321799278259277e-01,3.651220500469207764e-01,2.052328884601593018e-01,1.669590622186660767e-01,1.377774924039840698e-01,-4.344264045357704163e-03,5.564805865287780762e-01
3.907573819160461426e-01,9.536403417587280273e-01,5.563778877258300781e-01,-8.440768718719482422e-02,2.680149078369140625e-01,3.867725133895874023e-01,1.309232711791992188e+00,-1.717718243598937988e-01,1.264612793922424316e+00,2.712593674659729004e-01,9.900977611541748047e-01,3.046686053276062012e-01,1.407982110977172852e-01,6.212246417999267578e-01,1.109879493713378906e+00,1.285800337791442871e+00,2.731008529663085938e-01,2.485165596008300781e-01
6.454957723617553711e-01,1.303521037101745605e+00,7.579246163368225098e-02,4.859628081321716309e-01,7.260379791259765625e-01,4.934958219528198242e-01,5.772569775581359863e-01,-4.254489243030548096e-01,6.959872841835021973e-01,1.196928143501281738e+00,1.505136787891387939e-01,-3.563520908355712891e-01,-2.167005240917205811e-01,6.497711539268493652e-01,2.362993732094764709e-02,-3.845021724700927734e-01,7.794856429100036621e-01,3.138263225555419922e-01
4.324290752410888672e-01,5.664813518524169922e-01,-3.069446980953216553e-01,3.130154609680175781e-01,6.076340675354003906e-01,5.603021979331970215e-01,7.761747241020202637e-01,1.789906919002532959e-01,1.968378126621246338e-01,1.260058999061584473e+00,9.059092402458190918e-02,8.242899775505065918e-01,6.898332238197326660e-01,-2.826068997383117676e-01,-4.068709015846252441e-01,1.024855017662048340e+00,-2.273719757795333862e-01,1.067367315292358398e+00
1.235651135444641113e+00,8.511768579483032227e-01,7.740858197212219238e-01,-1.649821251630783081e-01,7.102539539337158203e-01,5.339504480361938477e-01,2.045425176620483398e-01,1.703257113695144653e-01,2.462713271379470825e-01,6.028536558151245117e-01,-6.290225982666015625e-01,1.114310264587402344e+00,-1.306608021259307861e-01,-8.279023766517639160e-01,3.759354725480079651e-02,3.703099787235260010e-01,3.691334277391433716e-02,3.916674852371215820e-01
9.962000846862792969e-01,4.465210437774658203e-01,9.885623455047607422e-01,5.030516386032104492e-01,8.558191061019897461e-01,2.244784235954284668e-01,1.748660802841186523e-01,-6.104819476604461670e-02,4.681450724601745605e-01,6.362193822860717773e-01,1.929344683885574341e-01,1.042146444320678711e+00,1.142975613474845886e-01,1.885747015476226807e-01,1.201319396495819092e-01,6.340378522872924805e-01,3.194677531719207764e-01,2.675486803054809570e-01
9.527177214622497559e-01,1.427628695964813232e-01,-8.219592273235321045e-02,1.720412820577621460e-01,-3.522857427597045898e-01,9.913763403892517090e-01,6.297681331634521484e-01,6.662750244140625000e-01,9.770973324775695801e-01,-7.516613602638244629e-02,-7.809281349182128906e-03,4.607414007186889648e-01,7.230762839317321777e-01,7.389028668403625488e-01,3.617825210094451904e-01,9.696773290634155273e-01,-4.067472517490386963e-01,-1.796375960111618042e-02
4.603780210018157959e-01,1.106391787528991699e+00,3.563552200794219971e-01,-3.496867120265960693e-01,9.053602814674377441e-02,2.659505605697631836e-01,-3.764883428812026978e-02,6.491051912307739258e-01,8.460963368415832520e-01,2.129201442003250122e-01,2.530676126480102539e-01,5.598626732826232910e-01,6.184108853340148926e-01,-2.527183890342712402e-01,5.749524235725402832e-01,6.941829919815063477e-01,-1.396919228136539459e-02,2.300798892974853516e-01
4.588277935981750488e-01,5.365250110626220703e-01,6.887367963790893555e-01,1.865236908197402954e-01,1.098004460334777832e+00,-2.628210186958312988e-02,-4.566016495227813721e-01,5.533541440963745117e-01,4.413249790668487549e-01,7.603539228439331055e-01,3.540923297405242920e-01,3.166583478450775146e-01,2.788533866405487061e-01,5.361846089363098145e-01,-3.194868862628936768e-01,1.741516441106796265e-01,7.608715891838073730e-01,1.800115108489990234e-01
1.116227984428405762e+00,4.743002653121948242e-01,3.098708987236022949e-01,5.912590026855468750e-01,5.521688461303710938e-01,4.787968844175338745e-02,4.871896803379058838e-01,4.100987613201141357e-01,-3.261338919401168823e-02,1.348347306251525879e+00,4.910345077514648438e-01,6.896336078643798828e-01,1.228241920471191406e+00,3.980852961540222168e-01,-4.002149403095245361e-01,-1.443394869565963745e-01,2.614448666572570801e-01,2.285137176513671875e-01
6.147997975349426270e-01,1.306474089622497559e+00,4.863241016864776611e-01,-3.243355751037597656e-01,2.542913854122161865e-01,-3.427640795707702637e-01,7.921808958053588867e-01,7.304638624191284180e-01,9.781952500343322754e-01,4.034414887428283691e-01,7.115621566772460938e-01,-6.265587210655212402e-01,8.532260656356811523e-01,3.145612180233001709e-01,1.058326005935668945e+00,7.457097172737121582e-01,4.770784974098205566e-01,3.746112585067749023e-01
5.438210964202880859e-01,1.113546133041381836e+00,3.141014277935028076e-01,1.355281352996826172e+00,7.498425245285034180e-01,3.061999678611755371e-01,3.118047416210174561e-01,3.233403861522674561e-01,6.026714444160461426e-01,5.569913387298583984e-01,-1.327944397926330566e-01,9.955438971519470215e-02,5.923280715942382812e-01,7.841060161590576172e-01,1.504619419574737549e-01,1.301376670598983765e-01,4.910739660263061523e-01,4.964056015014648438e-01
4.158748984336853027e-01,2.665759325027465820e-01,7.783231735229492188e-01,5.322987437248229980e-01,5.867204666137695312e-01,1.717489957809448242e-02,6.581518054008483887e-01,2.466655075550079346e-01,1.231389790773391724e-01,5.217029154300689697e-02,2.103150933980941772e-01,7.043122649192810059e-01,1.242083832621574402e-01,-8.350582420825958252e-02,4.862111210823059082e-01,8.576359748840332031e-01,-1.894555836915969849e-01,2.099919915199279785e-01
6.552793979644775391e-01,5.926791429519653320e-01,4.643008410930633545e-01,-1.375460177659988403e-01,8.410784006118774414e-01,9.060373306274414062e-01,4.383258819580078125e-01,1.988879144191741943e-01,3.655012249946594238e-01,7.666686177253723145e-01,7.073573470115661621e-01,-4.930636659264564514e-02,1.971702463924884796e-02,7.203500270843505859e-01,-3.478979766368865967e-01,-4.021652936935424805e-01,5.706889033317565918e-01,5.008466243743896484e-01
6.251093149185180664e-01,5.201281905174255371e-01,7.480527758598327637e-01,3.775037229061126709e-01,4.531823098659515381e-01,1.050814509391784668e+00,9.304180145263671875e-01,3.917963802814483643e-01,4.386354684829711914e-01,9.186158180236816406e-01,4.300743639469146729e-01,2.374112308025360107e-01,4.975099861621856689e-01,4.210198223590850830e-01,1.131428033113479614e-01,-3.908655941486358643e-01,3.797886893153190613e-03,1.107925891876220703e+00
6.480079293251037598e-01,9.415926933288574219e-01,3.547911942005157471e-01,-9.989681094884872437e-02,1.941141486167907715e-02,-1.747691631317138672e-02,1.040102124214172363e+00,-1.443368289619684219e-02,1.278760194778442383e+00,5.345235466957092285e-01,8.877156376838684082e-01,-1.238422542810440063e-01,4.834449589252471924e-01,6.050164699554443359e-01,1.093892931938171387e+00,1.263681888580322266e+00,4.152365326881408691e-01,5.271680653095245361e-03
7.664524912834167480e-01,1.225952386856079102e+00,-3.014450967311859131e-01,2.113715261220932007e-01,6.025071144104003906e-01,5.644576549530029297e-01,-6.002936512231826782e-02,-5.644484981894493103e-02,4.511229991912841797e-01,1.117702722549438477e+00,1.616554558277130127e-01,2.308759689331054688e-01,2.604019343852996826e-01,3.865762352943420410e-01,-5.066520571708679199e-01,-1.851985752582550049e-01,8.412904143333435059e-01,-4.957949370145797729e-02
8.283161520957946777e-01,6.738376617431640625e-01,-1.844239532947540283e-01,2.300844341516494751e-01,7.367129325866699219e-01,5.662344098091125488e-01,-2.502829134464263916e-01,-9.994189441204071045e-02,7.442898154258728027e-01,1.254620552062988281e+00,7.274433374404907227e-01,3.148854970932006836e-01,4.730198532342910767e-02,5.996287465095520020e-01,5.145844817161560059e-02,1.007988810539245605e+00,1.872071176767349243e-01,4.652904272079467773e-01
8.067289590835571289e-01,-5.943681299686431885e-02,1.833290457725524902e-01,1.185606122016906738e-01,3.350195288658142090e-01,4.508109688758850098e-01,4.573787748813629150e-01,-1.420536637306213379e-01,2.285133302211761475e-01,6.530252099037170410e-01,4.481453001499176025e-01,1.243540048599243164e+00,3.866399526596069336e-01,3.932606577873229980e-01,-4.789606034755706787e-01,6.354448795318603516e-01,-2.023743242025375366e-01,-3.441932201385498047e-01
4.327113032341003418e-01,7.578977942466735840e-01,5.317826867103576660e-01,-1.107298135757446289e-01,6.852424144744873047e-01,1.755807697772979736e-01,2.339987158775329590e-01,6.443986892700195312e-01,4.992107301950454712e-02,7.138206809759140015e-02,3.900924026966094971e-01,9.195632338523864746e-01,1.886335313320159912e-01,-1.342055201530456543e-01,1.985757648944854736e-01,2.940698564052581787e-01,7.287307083606719971e-02,-3.141663670539855957e-01
6.959711909294128418e-01,7.136685848236083984e-01,7.014769911766052246e-01,5.697628259658813477e-01,7.956554889678955078e-01,1.985750943422317505e-01,-3.000572621822357178e-01,2.239290028810501099e-01,6.113335490226745605e-01,8.113111257553100586e-01,4.786987602710723877e-01,4.720348715782165527e-01,1.239949390292167664e-01,4.459005594253540039e-01,3.900514841079711914e-01,3.486267924308776855e-01,2.718990147113800049e-01,2.466217875480651855e-01
4.197017848491668701e-02,7.939371466636657715e-01,3.390255570411682129e-01,7.096987962722778320e-01,4.502628743648529053e-01,1.390111446380615234e-02,8.543059229850769043e-01,2.607548534870147705e-01,-1.523157060146331787e-01,8.178403377532958984e-01,2.364401966333389282e-01,8.161994218826293945e-01,3.896009325981140137e-01,-4.261270463466644287e-01,2.824298441410064697e-01,2.897213995456695557e-01,-2.727723121643066406e-01,2.232555150985717773e-01
9.338325262069702148e-01,5.640797019004821777e-01,3.462673723697662354e-01,1.529836803674697876e-01,8.428767919540405273e-01,-4.685908555984497070e-01,-3.836059272289276123e-01,2.910867929458618164e-01,-3.091151453554630280e-02,7.525466084480285645e-01,5.198470950126647949e-01,1.251122236251831055e+00,8.430866897106170654e-02,-5.283713340759277344e-01,4.710911512374877930e-01,8.908245563507080078e-01,-1.051628068089485168e-01,-3.141491413116455078e-01
8.167359232902526855e-01,2.434766888618469238e-01,5.047892332077026367e-01,2.712097167968750000e-01,7.799489498138427734e-01,9.210978448390960693e-02,1.713787168264389038e-01,-1.574277728796005249e-01,-3.738047182559967041e-01,7.053993344306945801e-01,7.085175514221191406e-01,6.405912041664123535e-01,-3.233247995376586914e-01,-3.491739183664321899e-02,1.407511830329895020e-01,1.228082850575447083e-01,2.313124202191829681e-02,-1.832696795463562012e-01
5.244678854942321777e-01,3.115304112434387207e-01,3.399612903594970703e-01,7.207311391830444336e-01,8.106621503829956055e-01,2.027966827154159546e-01,2.484339177608489990e-01,1.253808140754699707e-01,-2.740892469882965088e-01,6.142867207527160645e-01,4.228940308094024658e-01,8.394929170608520508e-01,5.589269846677780151e-02,-7.323347777128219604e-02,1.395227313041687012e-01,6.415619254112243652e-01,-3.041133880615234375e-01,3.281803131103515625e-01
-2.008611261844635010e-01,7.760944962501525879e-01,-5.838869810104370117e-01,2.722540795803070068e-01,3.254405856132507324e-01,1.611112058162689209e-02,9.212828278541564941e-01,-6.245262175798416138e-02,4.769562184810638428e-02,5.828738808631896973e-01,4.724970161914825439e-01,1.574169993400573730e-01,2.345454245805740356e-01,2.097813040018081665e-02,2.567581273615360260e-02,7.728837728500366211e-01,1.352722011506557465e-02,9.982593357563018799e-03
3.987853527069091797e-01,7.498398423194885254e-01,2.428506910800933838e-01,4.496653974056243896e-01,1.327443003654479980e+00,5.295689702033996582e-01,3.986778110265731812e-02,1.583580821752548218e-01,4.137095808982849121e-01,7.304480075836181641e-01,6.449736952781677246e-01,-4.362747073173522949e-01,-5.628545284271240234e-01,8.813555836677551270e-01,1.098576840013265610e-02,3.616759479045867920e-01,6.667951345443725586e-01,4.028847217559814453e-01
3.971276879310607910e-01,2.576632499694824219e-01,3.296151161193847656e-01,-3.272330164909362793e-01,3.037085533142089844e-01,9.142576158046722412e-02,7.689252495765686035e-01,1.332533806562423706e-01,2.571472525596618652e-01,2.891047298908233643e-01,2.169582992792129517e-01,3.697305917739868164e-01,2.520785927772521973e-01,-9.093472361564636230e-02,1.309087965637445450e-02,6.708050966262817383e-01,-8.802936226129531860e-02,1.325062513351440430e-01
8.034325838088989258e-01,4.863981157541275024e-02,2.903144657611846924e-01,4.785503149032592773e-01,8.732068538665771484e-01,-9.424504637718200684e-02,-1.545453965663909912e-01,1.187734976410865784e-01,-2.206899374723434448e-01,8.287588953971862793e-01,8.466067314147949219e-01,8.621907234191894531e-01,-6.731158494949340820e-02,1.286963969469070435e-01,2.470228224992752075e-01,9.893411993980407715e-01,-1.159556582570075989e-01,-9.533231705427169800e-02
9.792945384979248047e-01,4.218615293502807617e-01,1.598350107669830322e-01,7.598701119422912598e-01,6.210603713989257812e-01,8.409379422664642334e-02,2.153235673904418945e-01,-3.703051507472991943e-01,2.996235899627208710e-02,1.047252774238586426e+00,8.953711390495300293e-01,6.493124365806579590e-02,1.789080351591110229e-01,6.011911034584045410e-01,2.031203210353851318e-01,2.535197138786315918e-01,2.801188826560974121e-01,1.978286504745483398e-01
7.288920879364013672e-01,-2.745650112628936768e-01,6.575981378555297852e-01,-4.298076778650283813e-02,5.915919542312622070e-01,1.572563499212265015e-01,7.942901849746704102e-01,2.366325259208679199e-01,-9.490516036748886108e-02,3.589505702257156372e-02,1.070654630661010742e+00,3.745885193347930908e-01,3.439908027648925781e-01,4.979588389396667480e-01,6.349680572748184204e-02,7.323302626609802246e-01,1.719576567411422729e-01,1.033574417233467102e-01
1.000585436820983887e+00,1.156709417700767517e-01,3.115248084068298340e-01,-9.133318066596984863e-02,7.693952322006225586e-01,5.827282667160034180e-01,2.273267954587936401e-01,-6.520070135593414307e-02,6.301475316286087036e-02,8.610360026359558105e-01,5.585230588912963867e-01,-1.111265718936920166e-01,-2.627858221530914307e-01,5.037499070167541504e-01,-3.838748335838317871e-01,-5.579112470149993896e-02,3.489876985549926758e-01,1.625139117240905762e-01
8.102520704269409180e-01,-1.084850504994392395e-01,4.360865056514739990e-01,7.473234534263610840e-01,5.951761007308959961e-01,-1.247353106737136841e-01,5.704346299171447754e-01,6.356733292341232300e-02,2.973946928977966309e-02,8.364366292953491211e-01,6.608936786651611328e-01,6.339285373687744141e-01,6.079634428024291992e-01,7.760326862335205078e-01,-2.596124708652496338e-01,3.883113563060760498e-01,1.267548650503158569e-01,-3.330152630805969238e-01
8.080044388771057129e-01,4.572932720184326172e-01,3.427383899688720703e-01,-2.161553353071212769e-01,1.076894253492355347e-01,5.089523792266845703e-01,1.597881019115447998e-01,2.374190390110015869e-01,1.046711087226867676e+00,-9.388789534568786621e-02,5.539966821670532227e-01,3.658304810523986816e-01,-6.820610910654067993e-02,4.484666585922241211e-01,7.260763049125671387e-01,1.282433629035949707e+00,2.702227532863616943e-01,-4.081438183784484863e-01
4.135516285896301270e-01,8.118246793746948242e-01,-1.008394733071327209e-01,8.313454687595367432e-02,8.897554874420166016e-01,9.018398523330688477e-01,-1.492277681827545166e-01,-9.772954136133193970e-02,2.042625695466995239e-01,6.649390459060668945e-01,2.710792422294616699e-01,6.982016563415527344e-01,-5.623753070831298828e-01,-4.991857707500457764e-02,-2.228576242923736572e-01,5.098903179168701172e-01,1.099767014384269714e-01,2.285311818122863770e-01
1.764589548110961914e-01,-1.647239923477172852e-01,5.565959811210632324e-01,3.068855702877044678e-01,8.181253671646118164e-01,-1.464326828718185425e-01,6.606190204620361328e-01,-3.529928028583526611e-01,1.869916468858718872e-01,1.142634034156799316e+00,5.513725876808166504e-01,8.748597502708435059e-01,9.732161462306976318e-02,3.465364277362823486e-01,-5.536218881607055664e-01,7.103443145751953125e-01,2.569537460803985596e-01,-1.389800757169723511e-02
2.400302290916442871e-01,9.328115731477737427e-02,1.611956655979156494e-01,-3.683726862072944641e-02,9.081203937530517578e-01,-1.088822335004806519e-01,3.694397509098052979e-01,2.085549086332321167e-01,-4.216282069683074951e-01,2.505005896091461182e-01,9.919233918190002441e-01,5.910219550132751465e-01,3.489863127470016479e-02,1.879592835903167725e-01,-2.758843898773193359e-01,7.187041640281677246e-01,1.923312842845916748e-01,-3.562995195388793945e-01
3.857586085796356201e-01,2.531817257404327393e-01,2.940727472305297852e-01,6.428767442703247070e-01,1.090313196182250977e+00,4.754407405853271484e-01,4.386900067329406738e-01,-2.122889086604118347e-02,-3.128276169300079346e-01,7.090559601783752441e-01,1.249970912933349609e+00,4.602169990539550781e-01,-1.925763189792633057e-01,5.719709396362304688e-01,4.229320585727691650e-02,4.285346269607543945e-01,1.572995930910110474e-01,3.376054763793945312e-01
9.149561524391174316e-01,-5.200209021568298340e-01,3.933706879615783691e-01,6.275584697723388672e-01,6.113176345825195312e-01,5.448035597801208496e-01,6.510086059570312500e-01,-6.972894072532653809e-02,-2.111769169569015503e-01,4.454118311405181885e-01,1.201124429702758789e+00,9.861715435981750488e-01,3.375401347875595093e-02,6.751531958580017090e-01,1.948900073766708374e-01,1.040762305259704590e+00,-3.778136074542999268e-01,8.523947745561599731e-02
8.416054844856262207e-01,6.522207856178283691e-01,8.505064249038696289e-01,8.502009510993957520e-01,9.537299871444702148e-01,6.314322352409362793e-03,1.358854025602340698e-02,6.629113554954528809e-01,-3.590150922536849976e-02,1.349235475063323975e-01,1.204593658447265625e+00,6.238099336624145508e-01,6.296979784965515137e-01,9.521117806434631348e-01,3.913473188877105713e-01,-2.722430825233459473e-01,6.516958475112915039e-01,-2.263659834861755371e-01
1.257348775863647461e+00,9.094835519790649414e-01,1.318190097808837891e+00,1.096693396568298340e+00,8.053040504455566406e-02,2.517579495906829834e-01,-5.632422119379043579e-02,2.034528255462646484e-01,7.512652277946472168e-01,-7.494601011276245117e-01,1.195603609085083008e+00,1.133606433868408203e+00,1.047085285186767578e+00,7.103555798530578613e-01,1.416449904441833496e+00,1.848187148571014404e-01,8.060541749000549316e-01,-3.313818573951721191e-01
1.316853284835815430e+00,7.367412447929382324e-01,1.056506276130676270e+00,1.223782896995544434e+00,6.886321306228637695e-01,1.306034088134765625e+00,-1.474028527736663818e-01,2.963114380836486816e-01,9.695585370063781738e-01,-2.358558624982833862e-01,1.214849233627319336e+00,1.601511240005493164e+00,2.674552202224731445e-01,6.683524250984191895e-01,1.098948597908020020e+00,6.186692714691162109e-01,1.127018809318542480e+00,4.853583574295043945e-01
-5.590277165174484253e-02,-4.930651932954788208e-02,-8.437594771385192871e-02,6.069410443305969238e-01,-9.680248051881790161e-02,1.141465425491333008e+00,9.920076727867126465e-01,1.124658226966857910e+00,1.407596468925476074e-01,8.979710340499877930e-01,6.294457912445068359e-01,4.969663619995117188e-01,1.878336071968078613e-01,-1.541487872600555420e-03,4.287299513816833496e-02,1.334146708250045776e-01,1.210461378097534180e+00,-2.090644091367721558e-02
-1.486252844333648682e-01,4.490672796964645386e-02,-1.389925479888916016e-01,5.780625939369201660e-01,-1.739082485437393188e-02,1.129570722579956055e+00,1.039111375808715820e+00,1.107226729393005371e+00,1.362807601690292358e-01,8.674006462097167969e-01,6.121978163719177246e-01,4.008944034576416016e-01,9.013462811708450317e-02,5.867297947406768799e-02,3.495417162775993347e-02,1.260831356048583984e-01,1.139987707138061523e+00,-8.081351965665817261e-02
-1.207716986536979675e-01,3.679078072309494019e-02,-1.296880245208740234e-01,5.307923555374145508e-01,-1.026211231946945190e-01,1.185969352722167969e+00,9.805913567543029785e-01,1.144349217414855957e+00,1.225362718105316162e-01,8.847700953483581543e-01,6.288279294967651367e-01,3.946068584918975830e-01,1.716174483299255371e-01,-2.659482136368751526e-02,1.105805858969688416e-02,6.852044910192489624e-02,1.180336356163024902e+00,7.548458874225616455e-03
-1.811626851558685303e-01,3.239025920629501343e-02,-4.621734470129013062e-02,5.284907221794128418e-01,-6.061791628599166870e-02,1.199503064155578613e+00,9.704672694206237793e-01,1.067036747932434082e+00,1.575627177953720093e-01,7.901381850242614746e-01,6.223670840263366699e-01,4.650565385818481445e-01,1.465585678815841675e-01,-2.135672420263290405e-02,-2.810729667544364929e-03,6.460934132337570190e-02,1.196424245834350586e+00,4.491747170686721802e-02
5.195887684822082520e-01,7.188680171966552734e-01,1.266327053308486938e-01,4.260293245315551758e-01,3.874534666538238525e-01,9.356535673141479492e-01,2.102806270122528076e-01,1.245284795761108398e+00,-1.287940740585327148e-01,6.594826579093933105e-01,1.232368946075439453e+00,6.264067292213439941e-01,3.671136796474456787e-01,1.732145994901657104e-01,6.519271135330200195e-01,3.069738447666168213e-01,3.881042599678039551e-01,1.204230263829231262e-01
